
Estimated rates for sites from BASEML.
(tamar-EDN: 0.362206, human-ECP: 0.379096);

Frequencies and rates for categories (K=5)
rate:  0.00000  0.00011  0.00953  0.23087  4.75949
freq:  0.20000  0.20000  0.20000  0.20000  0.20000

   Site  Freq   Data    Rate (posterior mean & category)

      1    98  AA    0.395     1
      2   115  TT    0.410     1
      3    71  GG    0.325     1
      4    71  GG    0.325     1
      5   115  TT    0.410     1
      6   115  TT    0.410     1
      7   105  CC    0.394     1
      8   105  CC    0.394     1
      9    98  AA    0.395     1
     10    98  AA    0.395     1
     11    98  AA    0.395     1
     12    98  AA    0.395     1
     13   105  CC    0.394     1
     14   115  TT    0.410     1
     15    71  GG    0.325     1
     16   115  TT    0.410     1
     17   115  TT    0.410     1
     18   105  CC    0.394     1
     19    98  AA    0.395     1
     20   105  CC    0.394     1
     21   115  TT    0.410     1
     22   115  TT    0.410     1
     23   105  CC    0.394     1
     24   105  CC    0.394     1
     25   105  CC    0.394     1
     26    98  AA    0.395     1
     27    98  AA    0.395     1
     28    98  AA    0.395     1
     29   115  TT    0.410     1
     30   115  TT    0.410     1
     31   115  TT    0.410     1
     32    71  GG    0.325     1
     33     9  CT    3.476     5
     34     3  GC    4.313     5
     35   115  TT    0.410     1
     36    71  GG    0.325     1
     37   105  CC    0.394     1
     38   115  TT    0.410     1
     39   115  TT    0.410     1
     40   105  CC    0.394     1
     41   115  TT    0.410     1
     42   115  TT    0.410     1
     43   105  CC    0.394     1
     44   115  TT    0.410     1
     45     7  TG    4.313     5
     46   115  TT    0.410     1
     47   115  TT    0.410     1
     48    10  CG    4.313     5
     49    71  GG    0.325     1
     50    71  GG    0.325     1
     51    71  GG    0.325     1
     52   105  CC    0.394     1
     53   115  TT    0.410     1
     54   115  TT    0.410     1
     55     6  TA    4.313     5
     56   115  TT    0.410     1
     57    71  GG    0.325     1
     58    14  AG    3.504     5
     59    71  GG    0.325     1
     60   115  TT    0.410     1
     61    71  GG    0.325     1
     62   115  TT    0.410     1
     63    71  GG    0.325     1
     64    71  GG    0.325     1
     65    98  AA    0.395     1
     66    71  GG    0.325     1
     67    71  GG    0.325     1
     68     7  TG    4.313     5
     69   105  CC    0.394     1
     70   115  TT    0.410     1
     71   105  CC    0.394     1
     72    98  AA    0.395     1
     73   105  CC    0.394     1
     74   115  TT    0.410     1
     75   105  CC    0.394     1
     76   105  CC    0.394     1
     77    98  AA    0.395     1
     78     3  GT    4.313     5
     79    71  GG    0.325     1
     80     6  TC    3.476     5
     81   105  CC    0.394     1
     82    98  AA    0.395     1
     83    14  AG    3.504     5
     84    98  AA    0.395     1
     85   105  CC    0.394     1
     86   105  CC    0.394     1
     87   105  CC    0.394     1
     88   105  CC    0.394     1
     89     6  AC    4.313     5
     90     8  GA    3.504     5
     91   105  CC    0.394     1
     92    98  AA    0.395     1
     93    71  GG    0.325     1
     94   115  TT    0.410     1
     95   115  TT    0.410     1
     96   115  TT    0.410     1
     97     6  TA    4.313     5
     98   105  CC    0.394     1
     99    10  CG    4.313     5
    100     6  TA    4.313     5
    101    71  GG    0.325     1
    102    71  GG    0.325     1
    103    71  GG    0.325     1
    104   105  CC    0.394     1
    105   115  TT    0.410     1
    106   105  CC    0.394     1
    107    98  AA    0.395     1
    108    71  GG    0.325     1
    109   115  TT    0.410     1
    110    71  GG    0.325     1
    111    71  GG    0.325     1
    112   115  TT    0.410     1
    113   115  TT    0.410     1
    114   115  TT    0.410     1
    115    14  AG    3.504     5
    116     3  GC    4.313     5
    117   105  CC    0.394     1
    118    98  AA    0.395     1
    119   115  TT    0.410     1
    120   105  CC    0.394     1
    121   105  CC    0.394     1
    122    98  AA    0.395     1
    123    71  GG    0.325     1
    124   105  CC    0.394     1
    125    98  AA    0.395     1
    126   105  CC    0.394     1
    127    98  AA    0.395     1
    128   115  TT    0.410     1
    129   105  CC    0.394     1
    130     7  CA    4.313     5
    131    14  AG    3.504     5
    132     3  AT    4.313     5
    133     6  AC    4.313     5
    134     9  CT    3.476     5
    135    14  AG    3.504     5
    136    98  AA    0.395     1
    137     7  CA    4.313     5
    138     6  TC    3.476     5
    139   105  CC    0.394     1
    140   105  CC    0.394     1
    141   105  CC    0.394     1
    142   105  CC    0.394     1
    143     6  TC    3.476     5
    144     9  CT    3.476     5
    145   105  CC    0.394     1
    146    14  AG    3.504     5
    147     7  CA    4.313     5
    148   115  TT    0.410     1
    149    71  GG    0.325     1
    150   105  CC    0.394     1
    151    98  AA    0.395     1
    152   105  CC    0.394     1
    153   105  CC    0.394     1
    154     6  TA    4.313     5
    155     9  CT    3.476     5
    156   115  TT    0.410     1
    157    71  GG    0.325     1
    158   105  CC    0.394     1
    159    98  AA    0.395     1
    160    98  AA    0.395     1
    161   115  TT    0.410     1
    162    71  GG    0.325     1
    163   105  CC    0.394     1
    164    71  GG    0.325     1
    165    71  GG    0.325     1
    166    71  GG    0.325     1
    167   105  CC    0.394     1
    168    98  AA    0.395     1
    169    98  AA    0.395     1
    170   115  TT    0.410     1
    171   115  TT    0.410     1
    172    98  AA    0.395     1
    173    98  AA    0.395     1
    174   105  CC    0.394     1
    175    98  AA    0.395     1
    176     8  GA    3.504     5
    177     3  GT    4.313     5
    178   115  TT    0.410     1
    179    98  AA    0.395     1
    180   115  TT    0.410     1
    181   105  CC    0.394     1
    182    14  AG    3.504     5
    183    98  AA    0.395     1
    184     9  CT    3.476     5
    185    10  CG    4.313     5
    186     7  TG    4.313     5
    187   105  CC    0.394     1
    188    71  GG    0.325     1
    189     3  AT    4.313     5
    190   115  TT    0.410     1
    191    71  GG    0.325     1
    192   105  CC    0.394     1
    193    98  AA    0.395     1
    194    98  AA    0.395     1
    195    98  AA    0.395     1
    196    98  AA    0.395     1
    197    98  AA    0.395     1
    198   105  CC    0.394     1
    199   105  CC    0.394     1
    200    98  AA    0.395     1
    201    98  AA    0.395     1
    202    98  AA    0.395     1
    203    98  AA    0.395     1
    204   115  TT    0.410     1
    205    98  AA    0.395     1
    206   105  CC    0.394     1
    207   115  TT    0.410     1
    208   115  TT    0.410     1
    209   115  TT    0.410     1
    210   115  TT    0.410     1
    211   105  CC    0.394     1
    212   115  TT    0.410     1
    213   115  TT    0.410     1
    214   105  CC    0.394     1
    215    14  AG    3.504     5
    216   115  TT    0.410     1
    217    98  AA    0.395     1
    218   105  CC    0.394     1
    219    98  AA    0.395     1
    220    98  AA    0.395     1
    221   105  CC    0.394     1
    222   115  TT    0.410     1
    223   115  TT    0.410     1
    224   115  TT    0.410     1
    225   115  TT    0.410     1
    226    71  GG    0.325     1
    227   105  CC    0.394     1
    228   115  TT    0.410     1
    229    98  AA    0.395     1
    230    98  AA    0.395     1
    231   115  TT    0.410     1
    232    71  GG    0.325     1
    233   115  TT    0.410     1
    234    98  AA    0.395     1
    235    71  GG    0.325     1
    236   115  TT    0.410     1
    237   115  TT    0.410     1
    238    98  AA    0.395     1
    239    98  AA    0.395     1
    240   115  TT    0.410     1
    241    71  GG    0.325     1
    242   115  TT    0.410     1
    243   115  TT    0.410     1
    244   115  TT    0.410     1
    245    71  GG    0.325     1
    246   115  TT    0.410     1
    247    71  GG    0.325     1
    248    71  GG    0.325     1
    249   115  TT    0.410     1
    250    98  AA    0.395     1
    251    98  AA    0.395     1
    252   105  CC    0.394     1
    253     6  AC    4.313     5
    254     7  CA    4.313     5
    255    98  AA    0.395     1
    256    98  AA    0.395     1
    257    14  AG    3.504     5
    258   115  TT    0.410     1
    259    98  AA    0.395     1
    260   115  TT    0.410     1
    261     7  CA    4.313     5
    262     6  AC    4.313     5
    263    10  CG    4.313     5
    264   105  CC    0.394     1
    265   115  TT    0.410     1
    266    71  GG    0.325     1
    267   105  CC    0.394     1
    268   105  CC    0.394     1
    269   105  CC    0.394     1
    270   115  TT    0.410     1
    271   105  CC    0.394     1
    272     8  GA    3.504     5
    273   115  TT    0.410     1
    274    98  AA    0.395     1
    275    98  AA    0.395     1
    276     6  TC    3.476     5
    277     8  GA    3.504     5
    278    10  CG    4.313     5
    279    98  AA    0.395     1
    280     6  TA    4.313     5
    281   105  CC    0.394     1
    282   115  TT    0.410     1
    283   105  CC    0.394     1
    284   115  TT    0.410     1
    285   105  CC    0.394     1
    286    98  AA    0.395     1
    287    98  AA    0.395     1
    288   105  CC    0.394     1
    289    98  AA    0.395     1
    290    98  AA    0.395     1
    291   115  TT    0.410     1
    292   115  TT    0.410     1
    293    71  GG    0.325     1
    294   115  TT    0.410     1
    295   105  CC    0.394     1
    296    98  AA    0.395     1
    297   115  TT    0.410     1
    298   105  CC    0.394     1
    299    14  AG    3.504     5
    300    10  CG    4.313     5
    301    98  AA    0.395     1
    302    71  GG    0.325     1
    303   115  TT    0.410     1
    304     8  GA    3.504     5
    305    71  GG    0.325     1
    306    98  AA    0.395     1
    307     3  GT    4.313     5
    308   115  TT    0.410     1
    309   105  CC    0.394     1
    310   105  CC    0.394     1
    311    14  AG    3.504     5
    312    71  GG    0.325     1
    313    71  GG    0.325     1
    314   115  TT    0.410     1
    315    71  GG    0.325     1
    316   105  CC    0.394     1
    317   105  CC    0.394     1
    318   115  TT    0.410     1
    319   115  TT    0.410     1
    320   115  TT    0.410     1
    321    98  AA    0.395     1
    322     6  AC    4.313     5
    323     9  CT    3.476     5
    324   105  CC    0.394     1
    325     6  TC    3.476     5
    326    98  AA    0.395     1
    327   105  CC    0.394     1
    328   115  TT    0.410     1
    329    71  GG    0.325     1
    330   115  TT    0.410     1
    331    14  AG    3.504     5
    332    98  AA    0.395     1
    333   105  CC    0.394     1
    334   105  CC    0.394     1
    335   115  TT    0.410     1
    336   105  CC    0.394     1
    337    98  AA    0.395     1
    338     9  CT    3.476     5
    339    98  AA    0.395     1
    340    71  GG    0.325     1
    341    71  GG    0.325     1
    342   115  TT    0.410     1
    343    10  CG    4.313     5
    344   105  CC    0.394     1
    345    98  AA    0.395     1
    346   105  CC    0.394     1
    347    98  AA    0.395     1
    348    71  GG    0.325     1
    349    98  AA    0.395     1
    350   115  TT    0.410     1
    351   115  TT    0.410     1
    352   115  TT    0.410     1
    353   105  CC    0.394     1
    354    98  AA    0.395     1
    355    98  AA    0.395     1
    356    98  AA    0.395     1
    357   105  CC    0.394     1
    358   115  TT    0.410     1
    359    71  GG    0.325     1
    360     6  TC    3.476     5
    361     8  GA    3.504     5
    362     7  TG    4.313     5
    363    71  GG    0.325     1
    364   115  TT    0.410     1
    365    98  AA    0.395     1
    366   115  TT    0.410     1
    367     7  TG    4.313     5
    368   105  CC    0.394     1
    369     7  CA    4.313     5
    370     7  TG    4.313     5
    371     7  CA    4.313     5
    372     3  GC    4.313     5
    373    98  AA    0.395     1
    374    10  CG    4.313     5
    375     6  TA    4.313     5
    376   105  CC    0.394     1
    377     6  AC    4.313     5
    378     8  GA    3.504     5
    379    71  GG    0.325     1
    380    10  CG    4.313     5
    381    98  AA    0.395     1
    382    98  AA    0.395     1
    383    14  AG    3.504     5
    384    10  CG    4.313     5
    385    98  AA    0.395     1
    386     7  TG    4.313     5
    387    71  GG    0.325     1
    388   115  TT    0.410     1
    389   115  TT    0.410     1
    390   105  CC    0.394     1
    391   115  TT    0.410     1
    392    98  AA    0.395     1
    393   115  TT    0.410     1
    394    71  GG    0.325     1
    395   115  TT    0.410     1
    396    98  AA    0.395     1
    397    71  GG    0.325     1
    398   115  TT    0.410     1
    399   115  TT    0.410     1
    400    71  GG    0.325     1
    401   105  CC    0.394     1
    402    98  AA    0.395     1
    403   115  TT    0.410     1
    404    71  GG    0.325     1
    405   115  TT    0.410     1
    406    71  GG    0.325     1
    407    98  AA    0.395     1
    408   105  CC    0.394     1
    409    98  AA    0.395     1
    410    98  AA    0.395     1
    411   105  CC    0.394     1
    412    98  AA    0.395     1
    413    71  GG    0.325     1
    414    98  AA    0.395     1
    415    71  GG    0.325     1
    416    98  AA    0.395     1
    417   115  TT    0.410     1
    418   105  CC    0.394     1
    419   105  CC    0.394     1
    420    98  AA    0.395     1
    421   105  CC    0.394     1
    422    71  GG    0.325     1
    423    71  GG    0.325     1
    424    71  GG    0.325     1
    425    98  AA    0.395     1
    426   115  TT    0.410     1
    427     9  CT    3.476     5
    428   105  CC    0.394     1
    429   115  TT    0.410     1
    430   105  CC    0.394     1
    431   105  CC    0.394     1
    432    98  AA    0.395     1
    433   105  CC    0.394     1
    434    14  AG    3.504     5
    435    71  GG    0.325     1
    436   115  TT    0.410     1
    437    98  AA    0.395     1
    438   115  TT    0.410     1
    439   105  CC    0.394     1
    440   105  CC    0.394     1
    441     3  AT    4.313     5
    442    71  GG    0.325     1
    443   115  TT    0.410     1
    444    71  GG    0.325     1
    445    71  GG    0.325     1
    446   115  TT    0.410     1
    447     9  CT    3.476     5
    448   105  CC    0.394     1
    449   105  CC    0.394     1
    450     8  GA    3.504     5
    451    71  GG    0.325     1
    452   115  TT    0.410     1
    453   115  TT    0.410     1
    454   105  CC    0.394     1
    455    98  AA    0.395     1
    456   105  CC    0.394     1
    457   105  CC    0.394     1
    458   115  TT    0.410     1
    459    71  GG    0.325     1
    460    71  GG    0.325     1
    461    98  AA    0.395     1
    462   115  TT    0.410     1
    463    98  AA    0.395     1
    464   105  CC    0.394     1
    465   105  CC    0.394     1
    466    98  AA    0.395     1
    467   105  CC    0.394     1
    468   105  CC    0.394     1
    469    98  AA    0.395     1
    470   115  TT    0.410     1
    471   105  CC    0.394     1

lnL =   -955.408415

mean(r^)=   1.0056  var(r^)=   1.8488
Accuracy of rate prediction: corr(r^,r) =   0.4283
