Position	Column Score	Column p-value	Alignment	Gap Weight	Over Gap Weight Threshold	Hydropathy	Polarity	Charge	Volume	Free energy alpha	Free energy beta	A	C	D	E	F	G	H	I	K	L	M	N	P	Q	R	S	T	V	W	Y	A	C	D	E	F	G	H	I	K	L	M	N	P	Q	R	S	T	V	W	Y	Good Amino Acids	Bad Amino Acids
1	24.07	7.949E-5	'MMMMMMMMMMM	0.0	N	8.473E-2	5.399E-2	9.999E-1	2.382E-1	7.162E-2	3.036E-1	20.48	26.32	34.69	29.90	15.08	26.02	20.98	21.99	27.72	13.49	0.13	18.48	36.30	15.25	32.16	21.56	25.97	30.01	21.52	26.00	2.023E-4	4.717E-5	9.283E-6	2.231E-5	1.144E-3	5.038E-5	1.758E-4	1.34E-4	3.478E-5	2.116E-3	1E0	3.638E-4	7.097E-6	1.075E-3	1.454E-5	1.505E-4	5.096E-5	2.185E-5	1.521E-4	5.066E-5	M	ACDEFGHIKLNPQRSTVWY
2	20.95	1.772E-4	'VVVVVVVVVVV	0.0	N	2.345E-2	8.195E-2	9.999E-1	1E0	9.833E-1	2.28E-2	27.75	9.32	33.13	32.45	21.09	23.22	17.83	11.96	30.41	20.81	24.43	15.88	38.09	17.56	33.95	17.62	15.28	0.11	33.75	19.81	3.459E-5	1.457E-2	1.219E-5	1.377E-5	1.706E-4	9.795E-5	4.464E-4	4.044E-3	2.019E-5	1.843E-4	7.284E-5	8.582E-4	5.344E-6	4.871E-4	1.056E-5	4.771E-4	1.064E-3	1E0	1.093E-5	2.451E-4	CV	ADEFGHIKLMNPQRSTWY
3	20.24	2.166E-4	'PPPPPPPPPPP	0.0	N	4.793E-1	8.118E-1	9.999E-1	1.215E-1	1.294E-2	1.716E-2	20.00	20.21	41.24	38.89	22.47	20.27	19.31	28.75	31.81	26.92	17.48	17.41	0.14	17.67	41.48	17.50	17.77	27.21	25.36	19.95	2.32E-4	2.185E-4	3.334E-6	4.722E-6	1.185E-4	2.147E-4	2.837E-4	2.812E-5	1.55E-5	4.136E-5	4.997E-4	5.11E-4	1E0	4.693E-4	3.222E-6	4.962E-4	4.552E-4	3.879E-5	5.858E-5	2.351E-4	P	ACDEFGHIKLMNQRSTVWY
4	23.22	9.786E-5	'KKKKKKKKKKK	0.0	N	3.919E-2	2.454E-2	1.734E-2	1.353E-1	4.531E-1	3.427E-1	26.45	29.33	21.52	23.70	21.07	26.98	15.82	25.96	0.14	18.99	17.24	14.55	39.91	14.08	7.31	23.00	27.99	33.06	23.44	26.46	4.582E-5	2.499E-5	1.52E-4	8.693E-5	1.718E-4	4.081E-5	8.749E-4	5.11E-5	1E0	3.118E-4	5.402E-4	1.396E-3	4.049E-6	1.674E-3	4.538E-2	1.034E-4	3.286E-5	1.234E-5	9.267E-5	4.57E-5	KR	ACDEFGHILMNPQSTVWY
5	23.71	8.665E-5	'LLLLLLLLLLL	0.0	N	2.658E-2	7.302E-2	9.999E-1	1.615E-1	1.093E-1	1.961E-1	21.92	24.63	34.83	29.94	12.59	26.63	20.32	15.46	28.01	0.13	10.65	18.30	36.32	15.01	33.02	22.76	26.81	25.80	22.06	24.92	1.368E-4	6.947E-5	9.074E-6	2.212E-5	3.075E-3	4.405E-5	2.116E-4	9.979E-4	3.272E-5	1E0	7.401E-3	3.856E-4	7.084E-6	1.174E-3	1.243E-5	1.1E-4	4.233E-5	5.297E-5	1.317E-4	6.489E-5	L	ACDEFGHIKMNPQRSTVWY
6	19.02	3.092E-4	'FFFFFFFFFFF	0.0	N	4.199E-2	4.748E-2	9.999E-1	3.713E-2	9.833E-1	4.996E-2	27.40	17.91	32.39	32.98	0.11	22.93	19.98	10.86	29.11	12.82	15.45	18.36	37.94	18.60	32.25	19.43	20.52	17.61	14.67	16.28	3.727E-5	4.359E-4	1.394E-5	1.252E-5	1E0	1.052E-4	2.329E-4	6.711E-3	2.611E-5	2.786E-3	1.001E-3	3.778E-4	5.469E-6	3.512E-4	1.429E-5	2.736E-4	1.997E-4	4.788E-4	1.333E-3	7.471E-4	F	ACDEGHIKLMNPQRSTVWY
7	29.69	2.327E-5	'TTTTTTTTTTT	0.0	N	9.994E-1	2.356E-1	9.999E-1	1.66E-1	4.956E-1	1.793E-1	37.99	20.96	37.39	36.28	29.63	18.10	16.55	33.48	34.43	38.50	29.50	20.18	43.72	20.59	37.76	11.33	0.19	29.75	30.82	18.30	5.424E-6	1.769E-4	5.959E-6	7.122E-6	2.355E-5	4.097E-4	6.795E-4	1.145E-5	9.719E-6	5.011E-6	2.416E-5	2.204E-4	2.355E-6	1.961E-4	5.626E-6	5.383E-3	1E0	2.3E-5	1.866E-5	3.848E-4	T	ACDEFGHIKLMNPQRSVWY
8	23.25	9.72E-5	'SSSSSSSSSSS	0.0	N	9.947E-1	4.151E-1	9.999E-1	3.267E-2	2.803E-1	7.15E-1	28.89	20.41	36.90	34.35	21.57	9.08	16.00	29.33	29.77	28.64	19.50	14.09	39.26	15.16	36.37	0.12	13.44	30.82	23.01	23.48	2.732E-5	2.06E-4	6.443E-6	9.839E-6	1.5E-4	1.648E-2	8.211E-4	2.498E-5	2.287E-5	2.871E-5	2.683E-4	1.664E-3	4.467E-6	1.112E-3	7.023E-6	1E0	2.152E-3	1.866E-5	1.031E-4	9.173E-5	GS	ACDEFHIKLMNPQRTVWY
9	24.26	7.584E-5	'QQQQQQQQQQQ	0.0	N	5.032E-2	2.043E-1	9.999E-1	9.997E-1	3.447E-1	2.152E-1	24.93	25.81	34.35	26.89	20.91	25.83	14.36	23.19	27.25	19.88	16.00	11.38	39.94	0.11	33.70	19.42	22.88	28.88	26.48	23.57	6.474E-5	5.28E-5	9.839E-6	4.158E-5	1.795E-4	5.26E-5	1.5E-3	9.867E-5	3.847E-5	2.4E-4	8.22E-4	5.247E-3	4.032E-6	1E0	1.101E-5	2.741E-4	1.065E-4	2.737E-5	4.555E-5	8.963E-5	Q	ACDEFGHIKLMNPRSTVWY
10	18.79	3.309E-4	'IIIIIIIIIII	0.0	N	2.167E-2	6.228E-2	9.999E-1	1.615E-1	2.41E-1	2.631E-2	24.54	16.31	34.64	30.14	10.65	26.22	17.63	0.10	28.51	10.44	15.70	17.95	36.92	15.00	32.56	20.83	19.60	10.65	22.53	15.76	7.091E-5	7.395E-4	9.376E-6	2.129E-5	7.413E-3	4.817E-5	4.758E-4	1E0	2.953E-5	8.214E-3	9.151E-4	4.3E-4	6.429E-6	1.18E-3	1.35E-5	1.834E-4	2.601E-4	7.405E-3	1.166E-4	8.947E-4	I	ACDEFGHKLMNPQRSTVWY
11	14.43	1.457E-3	'CCCCCCCCSCC	0.0	N	8.299E-1	2.926E-1	9.999E-1	3.179E-1	5.833E-1	9.254E-1	19.25	0.44	35.39	31.84	15.33	8.29	13.48	12.73	30.42	17.40	20.13	12.09	32.95	11.97	35.64	3.40	4.10	5.84	20.11	12.23	2.885E-4	1E0	8.251E-6	1.542E-5	1.044E-3	2.547E-2	2.122E-3	2.895E-3	2.016E-5	5.13E-4	2.236E-4	3.816E-3	1.26E-5	4.03E-3	7.914E-6	5.135E-1	3.437E-1	1.129E-1	2.243E-4	3.579E-3	CGSTV	ADEFHIKLMNPQRWY
12	17.31	5.284E-4	'LLLLLLLLLLV	0.0	N	3.133E-2	7.67E-2	9.999E-1	9.236E-1	7.956E-1	9.305E-1	10.22	10.25	39.62	34.98	7.17	17.51	20.08	2.78	29.05	1.63	10.29	19.42	20.00	18.14	35.27	16.89	17.92	7.14	17.10	16.40	9.154E-3	9.012E-3	4.229E-6	8.84E-6	4.918E-2	4.946E-4	2.268E-4	6.937E-1	2.643E-5	9.543E-1	8.853E-3	2.741E-4	2.318E-4	4.043E-4	8.425E-6	6.059E-4	4.345E-4	5.008E-2	5.653E-4	7.161E-4	FILV	ACDEGHKMNPQRSTWY
13	23.71	8.665E-5	'LLLLLLLLLLL	0.0	N	2.658E-2	7.302E-2	9.999E-1	1.615E-1	1.093E-1	1.961E-1	21.92	24.63	34.83	29.94	12.59	26.63	20.32	15.46	28.01	0.13	10.65	18.30	36.32	15.01	33.02	22.76	26.81	25.80	22.06	24.92	1.368E-4	6.947E-5	9.074E-6	2.212E-5	3.075E-3	4.405E-5	2.116E-4	9.979E-4	3.272E-5	1E0	7.401E-3	3.856E-4	7.084E-6	1.174E-3	1.243E-5	1.1E-4	4.233E-5	5.297E-5	1.317E-4	6.489E-5	L	ACDEFGHIKMNPQRSTVWY
14	23.71	8.665E-5	'LLLLLLLLLLL	0.0	N	2.658E-2	7.302E-2	9.999E-1	1.615E-1	1.093E-1	1.961E-1	21.92	24.63	34.83	29.94	12.59	26.63	20.32	15.46	28.01	0.13	10.65	18.30	36.32	15.01	33.02	22.76	26.81	25.80	22.06	24.92	1.368E-4	6.947E-5	9.074E-6	2.212E-5	3.075E-3	4.405E-5	2.116E-4	9.979E-4	3.272E-5	1E0	7.401E-3	3.856E-4	7.084E-6	1.174E-3	1.243E-5	1.1E-4	4.233E-5	5.297E-5	1.317E-4	6.489E-5	L	ACDEFGHIKMNPQRSTVWY
15	23.71	8.665E-5	'LLLLLLLLLLL	0.0	N	2.658E-2	7.302E-2	9.999E-1	1.615E-1	1.093E-1	1.961E-1	21.92	24.63	34.83	29.94	12.59	26.63	20.32	15.46	28.01	0.13	10.65	18.30	36.32	15.01	33.02	22.76	26.81	25.80	22.06	24.92	1.368E-4	6.947E-5	9.074E-6	2.212E-5	3.075E-3	4.405E-5	2.116E-4	9.979E-4	3.272E-5	1E0	7.401E-3	3.856E-4	7.084E-6	1.174E-3	1.243E-5	1.1E-4	4.233E-5	5.297E-5	1.317E-4	6.489E-5	L	ACDEFGHIKMNPQRSTVWY
16	13.74	1.912E-3	'LLLLLLLLLLF	0.0	N	7.602E-2	1.098E-1	9.999E-1	6.621E-1	7.956E-1	5.939E-1	11.56	12.21	33.10	30.16	6.26	14.08	16.82	7.54	26.97	1.39	7.85	13.24	17.74	12.54	31.90	13.41	16.34	12.99	14.06	16.14	4.83E-3	3.62E-3	1.226E-5	2.119E-5	8.677E-2	1.669E-3	6.215E-4	3.952E-2	4.091E-5	9.781E-1	3.281E-2	2.338E-3	4.602E-4	3.137E-3	1.525E-5	2.178E-3	7.299E-4	2.598E-3	1.688E-3	7.837E-4	FILM	ACDEGHKNPQRSTVWY
17	22.22	1.263E-4	'GGGGGGGGGGG	0.0	N	1E0	2.833E-1	9.999E-1	1.82E-2	3.946E-2	9.115E-2	22.05	19.13	35.86	35.36	19.29	0.12	20.65	28.17	29.14	25.42	16.97	13.30	24.40	18.09	36.52	7.50	17.42	29.36	22.39	25.11	1.32E-4	2.992E-4	7.629E-6	8.293E-6	2.852E-4	1E0	1.929E-4	3.166E-5	2.597E-5	5.778E-5	5.9E-4	2.28E-3	7.335E-5	4.107E-4	6.85E-6	4.042E-2	5.1E-4	2.483E-5	1.209E-4	6.202E-5	GS	ACDEFHIKLMNPQRTVWY
18	23.71	8.665E-5	'LLLLLLLLLLL	0.0	N	2.658E-2	7.302E-2	9.999E-1	1.615E-1	1.093E-1	1.961E-1	21.92	24.63	34.83	29.94	12.59	26.63	20.32	15.46	28.01	0.13	10.65	18.30	36.32	15.01	33.02	22.76	26.81	25.80	22.06	24.92	1.368E-4	6.947E-5	9.074E-6	2.212E-5	3.075E-3	4.405E-5	2.116E-4	9.979E-4	3.272E-5	1E0	7.401E-3	3.856E-4	7.084E-6	1.174E-3	1.243E-5	1.1E-4	4.233E-5	5.297E-5	1.317E-4	6.489E-5	L	ACDEFGHIKMNPQRSTVWY
19	6.60	6.977E-2	'MMMSMLLLLML	0.0	N	9.536E-1	4.907E-1	9.999E-1	1E0	9.911E-1	9.891E-1	5.65	5.88	30.29	28.12	3.55	4.64	12.22	5.56	26.30	1.71	2.24	9.48	12.12	7.20	29.26	3.52	5.95	8.16	4.87	8.74	1.281E-1	1.102E-1	2.068E-5	3.199E-5	4.746E-1	2.449E-1	3.601E-3	1.356E-1	4.733E-5	9.438E-1	8.407E-1	1.333E-2	3.761E-3	4.84E-2	2.533E-5	4.829E-1	1.055E-1	2.754E-2	2.114E-1	1.987E-2	ACFGILMNQSTVWY	DEHKPR
20	12.52	3.157E-3	'GGGGGAAAAGS	0.0	N	9.999E-1	4.009E-1	9.999E-1	3.233E-1	9.998E-1	6.246E-1	4.22	9.76	40.20	38.20	10.45	1.13	14.58	11.92	33.18	7.19	7.96	14.71	12.63	13.38	42.33	4.09	10.53	14.32	12.42	16.04	3.187E-1	1.153E-2	3.881E-6	5.248E-6	8.188E-3	9.923E-1	1.378E-3	4.121E-3	1.208E-5	4.855E-2	3.08E-2	1.313E-3	3.025E-3	2.209E-3	2.856E-6	3.461E-1	7.874E-3	1.524E-3	3.298E-3	8.108E-4	ACGLMS	DEFHIKNPQRTVWY
21	20.95	1.772E-4	'VVVVVVVVVVV	0.0	N	2.345E-2	8.195E-2	9.999E-1	1E0	9.833E-1	2.28E-2	27.75	9.32	33.13	32.45	21.09	23.22	17.83	11.96	30.41	20.81	24.43	15.88	38.09	17.56	33.95	17.62	15.28	0.11	33.75	19.81	3.459E-5	1.457E-2	1.219E-5	1.377E-5	1.706E-4	9.795E-5	4.464E-4	4.044E-3	2.019E-5	1.843E-4	7.284E-5	8.582E-4	5.344E-6	4.871E-4	1.056E-5	4.771E-4	1.064E-3	1E0	1.093E-5	2.451E-4	CV	ADEFGHIKLMNPQRSTWY
22	6.37	8.055E-2	'EEEGEEEEDEE	0.0	N	8.883E-1	9.684E-1	8.485E-1	9.996E-1	9.985E-1	6.64E-1	6.48	9.58	3.64	1.28	8.87	4.52	6.27	12.22	4.94	8.27	5.77	3.79	10.62	3.28	5.97	4.23	8.27	13.70	7.31	10.53	7.545E-2	1.267E-2	4.494E-1	9.854E-1	1.852E-2	2.642E-1	8.61E-2	3.595E-3	2.023E-1	2.578E-2	1.183E-1	4.129E-1	7.521E-3	5.485E-1	1.042E-1	3.174E-1	2.584E-2	1.943E-3	4.525E-2	7.861E-3	ACDEFGHKLMNQRSTW	IPVY
23	6.83	6.053E-2	'GGGGGGGGGGV	0.0	N	9.999E-1	5.656E-1	9.999E-1	8.705E-1	9.297E-1	1E0	5.72	1.74	35.97	32.44	6.98	0.73	12.64	5.23	29.50	6.34	8.13	12.06	7.69	9.75	35.43	1.20	2.45	3.33	6.69	5.31	1.222E-1	9.403E-1	7.493E-6	1.38E-5	5.539E-2	9.993E-1	3.002E-3	1.679E-1	2.415E-5	8.207E-2	2.797E-2	3.868E-3	3.603E-2	1.161E-2	8.199E-6	9.895E-1	7.863E-1	5.336E-1	6.631E-2	1.596E-1	ACFGILMPQSTVWY	DEHKNR
24	23.25	9.72E-5	'SSSSSSSSSSS	0.0	N	9.947E-1	4.151E-1	9.999E-1	3.267E-2	2.803E-1	7.15E-1	28.89	20.41	36.90	34.35	21.57	9.08	16.00	29.33	29.77	28.64	19.50	14.09	39.26	15.16	36.37	0.12	13.44	30.82	23.01	23.48	2.732E-5	2.06E-4	6.443E-6	9.839E-6	1.5E-4	1.648E-2	8.211E-4	2.498E-5	2.287E-5	2.871E-5	2.683E-4	1.664E-3	4.467E-6	1.112E-3	7.023E-6	1E0	2.152E-3	1.866E-5	1.031E-4	9.173E-5	GS	ACDEFHIKLMNPQRTVWY
25	23.71	8.665E-5	'LLLLLLLLLLL	0.0	N	2.658E-2	7.302E-2	9.999E-1	1.615E-1	1.093E-1	1.961E-1	21.92	24.63	34.83	29.94	12.59	26.63	20.32	15.46	28.01	0.13	10.65	18.30	36.32	15.01	33.02	22.76	26.81	25.80	22.06	24.92	1.368E-4	6.947E-5	9.074E-6	2.212E-5	3.075E-3	4.405E-5	2.116E-4	9.979E-4	3.272E-5	1E0	7.401E-3	3.856E-4	7.084E-6	1.174E-3	1.243E-5	1.1E-4	4.233E-5	5.297E-5	1.317E-4	6.489E-5	L	ACDEFGHIKMNPQRSTVWY
26	18.60	3.508E-4	'HHHHHHHHHHQ	0.0	N	7.121E-2	7.059E-1	9.104E-1	9.22E-1	1E0	1E0	22.81	18.49	20.92	15.54	22.16	18.71	0.95	25.66	15.29	26.38	18.97	8.09	17.63	4.19	23.56	13.52	9.93	23.36	21.42	10.82	1.086E-4	3.626E-4	1.789E-4	9.689E-4	1.282E-4	3.394E-4	9.968E-1	5.474E-5	1.061E-3	4.651E-5	3.134E-4	2.86E-2	4.755E-4	3.257E-1	8.99E-5	2.09E-3	1.062E-2	9.456E-5	1.562E-4	6.822E-3	HNQT	ACDEFGIKLMPRSVWY
27	7.13	5.041E-2	'AAAAAVVVVAV	0.0	N	7.431E-1	2.844E-1	9.999E-1	9.909E-1	9.764E-1	1E0	2.19	3.56	38.79	34.04	5.69	6.66	13.18	3.10	29.49	3.51	6.16	14.54	13.34	11.42	35.98	5.72	6.04	2.77	7.57	7.79	8.529E-1	4.711E-1	4.795E-6	1.039E-5	1.242E-1	6.722E-2	2.402E-3	6.008E-1	2.422E-5	4.834E-1	9.215E-2	1.399E-3	2.245E-3	5.146E-3	7.49E-6	1.218E-1	9.939E-2	6.962E-1	3.873E-2	3.409E-2	ACFGILMSTVWY	DEHKNPQR
28	20.61	1.95E-4	'RRRKRKKKKKK	0.0	N	6.707E-2	2.585E-1	1.734E-2	1.63E-1	7.322E-1	7.14E-1	21.72	27.13	20.14	20.14	21.42	23.99	11.07	26.65	1.14	21.07	14.74	12.67	27.38	10.74	2.98	20.03	22.82	30.95	19.38	21.15	1.439E-4	3.945E-5	2.225E-4	2.226E-4	1.56E-4	8.104E-5	6.061E-3	4.385E-5	9.919E-1	1.719E-4	1.3E-3	2.964E-3	3.742E-5	7.106E-3	6.352E-1	2.298E-4	1.082E-4	1.821E-5	2.776E-4	1.681E-4	KR	ACDEFGHILMNPQSTVWY
29	20.24	2.166E-4	'PPPPPPPPPPP	0.0	N	4.793E-1	8.118E-1	9.999E-1	1.215E-1	1.294E-2	1.716E-2	20.00	20.21	41.24	38.89	22.47	20.27	19.31	28.75	31.81	26.92	17.48	17.41	0.14	17.67	41.48	17.50	17.77	27.21	25.36	19.95	2.32E-4	2.185E-4	3.334E-6	4.722E-6	1.185E-4	2.147E-4	2.837E-4	2.812E-5	1.55E-5	4.136E-5	4.997E-4	5.11E-4	1E0	4.693E-4	3.222E-6	4.962E-4	4.552E-4	3.879E-5	5.858E-5	2.351E-4	P	ACDEFGHIKLMNQRSTVWY
30	3.99	3.678E-1	'PPPRPPPPPGQ	0.0	N	9.854E-1	1E0	1E0	9.998E-1	9.97E-1	9.574E-1	4.60	5.50	4.08	4.60	5.54	2.83	3.36	7.86	3.15	6.99	3.99	2.19	2.07	2.95	4.05	2.54	3.41	7.71	3.71	3.99	2.513E-1	1.41E-1	3.479E-1	2.513E-1	1.37E-1	6.783E-1	5.245E-1	3.268E-2	5.839E-1	5.479E-2	3.675E-1	8.541E-1	8.817E-1	6.438E-1	3.549E-1	7.636E-1	5.11E-1	3.57E-2	4.316E-1	3.68E-1	ACDEFGHIKLMNPQRSTVWY	
31	24.26	7.584E-5	'QQQQQQQQQQQ	0.0	N	5.032E-2	2.043E-1	9.999E-1	9.997E-1	3.447E-1	2.152E-1	24.93	25.81	34.35	26.89	20.91	25.83	14.36	23.19	27.25	19.88	16.00	11.38	39.94	0.11	33.70	19.42	22.88	28.88	26.48	23.57	6.474E-5	5.28E-5	9.839E-6	4.158E-5	1.795E-4	5.26E-5	1.5E-3	9.867E-5	3.847E-5	2.4E-4	8.22E-4	5.247E-3	4.032E-6	1E0	1.101E-5	2.741E-4	1.065E-4	2.737E-5	4.555E-5	8.963E-5	Q	ACDEFGHIKLMNPRSTVWY
32	19.02	3.092E-4	'FFFFFFFFFFF	0.0	N	4.199E-2	4.748E-2	9.999E-1	3.713E-2	9.833E-1	4.996E-2	27.40	17.91	32.39	32.98	0.11	22.93	19.98	10.86	29.11	12.82	15.45	18.36	37.94	18.60	32.25	19.43	20.52	17.61	14.67	16.28	3.727E-5	4.359E-4	1.394E-5	1.252E-5	1E0	1.052E-4	2.329E-4	6.711E-3	2.611E-5	2.786E-3	1.001E-3	3.778E-4	5.469E-6	3.512E-4	1.429E-5	2.736E-4	1.997E-4	4.788E-4	1.333E-3	7.471E-4	F	ACDEGHIKLMNPQRSTVWY
33	23.47	9.197E-5	'TTTTTTTTTTS	0.0	N	9.99E-1	3.258E-1	9.999E-1	7.489E-1	5.325E-1	9.872E-1	25.52	21.58	35.85	32.13	23.94	9.07	13.79	34.34	27.47	33.33	22.99	11.08	31.69	12.81	32.99	2.92	0.70	31.67	14.80	8.21	5.652E-5	1.497E-4	7.649E-6	1.459E-5	8.204E-5	1.665E-2	1.876E-3	9.863E-6	3.667E-5	1.177E-5	1.036E-4	6.027E-3	1.584E-5	2.795E-3	1.251E-5	6.537E-1	9.994E-1	1.59E-5	1.27E-3	2.676E-2	GSTY	ACDEFHIKLMNPQRVW
34	5.10	1.818E-1	'RRRRKWWWWWW	0.0	N	9.936E-1	1E0	9.986E-1	8.576E-1	9.761E-1	9.998E-1	7.51	7.51	4.88	8.09	5.01	7.71	2.92	6.55	2.59	5.78	4.20	3.89	16.48	3.14	3.08	5.20	5.77	7.99	2.26	4.64	4.013E-2	4.016E-2	2.098E-1	2.858E-2	1.937E-1	3.574E-2	6.523E-1	7.229E-2	7.496E-1	1.176E-1	3.232E-1	3.895E-1	6.955E-4	5.887E-1	6.048E-1	1.709E-1	1.184E-1	3.026E-2	8.371E-1	2.444E-1	ACDEFGHIKLMNQRSTVWY	P
35	30.18	2.111E-5	'AAAAAAAAAAA	0.0	N	9.387E-2	1.665E-1	9.999E-1	3.225E-2	6.165E-2	1.288E-1	0.23	29.92	43.15	37.64	26.73	22.29	30.44	29.36	32.71	18.63	16.54	22.93	38.15	23.86	40.43	23.39	33.24	35.49	33.74	39.54	1E0	2.221E-5	2.547E-6	5.731E-6	4.307E-5	1.24E-4	2.008E-5	2.485E-5	1.314E-5	3.476E-4	6.831E-4	1.053E-4	5.288E-6	8.362E-5	3.753E-6	9.378E-5	1.194E-5	8.12E-6	1.094E-5	4.277E-6	A	CDEFGHIKLMNPQRSTVWY
36	24.26	7.584E-5	'QQQQQQQQQQQ	0.0	N	5.032E-2	2.043E-1	9.999E-1	9.997E-1	3.447E-1	2.152E-1	24.93	25.81	34.35	26.89	20.91	25.83	14.36	23.19	27.25	19.88	16.00	11.38	39.94	0.11	33.70	19.42	22.88	28.88	26.48	23.57	6.474E-5	5.28E-5	9.839E-6	4.158E-5	1.795E-4	5.26E-5	1.5E-3	9.867E-5	3.847E-5	2.4E-4	8.22E-4	5.247E-3	4.032E-6	1E0	1.101E-5	2.741E-4	1.065E-4	2.737E-5	4.555E-5	8.963E-5	Q	ACDEFGHIKLMNPRSTVWY
37	26.33	4.703E-5	'WWWWWWWWWWW	0.0	N	9.789E-1	1.314E-1	9.999E-1	1.715E-2	9.383E-1	1.122E-1	35.30	29.05	37.53	33.03	21.70	23.29	17.54	34.00	32.43	33.15	21.17	18.75	43.98	15.09	37.82	16.73	16.36	35.98	0.18	16.35	8.381E-6	2.642E-5	5.831E-6	1.242E-5	1.449E-4	9.607E-5	4.904E-4	1.046E-5	1.382E-5	1.214E-5	1.669E-4	3.357E-4	2.275E-6	1.14E-3	5.573E-6	6.401E-4	7.265E-4	7.484E-6	1E0	7.283E-4	W	ACDEFGHIKLMNPQRSTVY
38	19.02	3.092E-4	'FFFFFFFFFFF	0.0	N	4.199E-2	4.748E-2	9.999E-1	3.713E-2	9.833E-1	4.996E-2	27.40	17.91	32.39	32.98	0.11	22.93	19.98	10.86	29.11	12.82	15.45	18.36	37.94	18.60	32.25	19.43	20.52	17.61	14.67	16.28	3.727E-5	4.359E-4	1.394E-5	1.252E-5	1E0	1.052E-4	2.329E-4	6.711E-3	2.611E-5	2.786E-3	1.001E-3	3.778E-4	5.469E-6	3.512E-4	1.429E-5	2.736E-4	1.997E-4	4.788E-4	1.333E-3	7.471E-4	F	ACDEGHIKLMNPQRSTVWY
39	7.95	3.101E-2	'AAAAAEEEEES	0.0	N	1E0	1E0	9.985E-1	9.816E-1	9.869E-1	5.878E-1	2.45	14.06	6.91	2.57	13.64	3.20	7.61	17.72	4.15	9.02	8.28	4.64	13.99	2.55	5.71	5.00	12.69	20.44	11.70	16.32	7.878E-1	1.682E-3	5.783E-2	7.533E-1	1.986E-3	5.7E-1	3.787E-2	4.622E-4	3.323E-1	1.703E-2	2.571E-2	2.448E-1	1.73E-3	7.602E-1	1.231E-1	1.941E-1	2.94E-3	2.043E-4	4.544E-3	7.365E-4	ADEGHKLMNQRS	CFIPTVWY
40	6.02	1.009E-1	'IIIIITTTTII	0.0	N	9.616E-1	4.058E-1	9.999E-1	9.998E-1	9.993E-1	6.265E-1	8.40	2.74	31.94	28.81	3.80	5.92	13.35	0.98	28.69	4.74	6.12	11.90	13.56	9.30	32.33	4.19	2.77	2.54	5.37	5.51	2.399E-2	7.051E-1	1.511E-5	2.776E-5	4.108E-1	1.076E-1	2.238E-3	9.964E-1	2.844E-5	2.301E-1	9.469E-2	4.149E-3	2.054E-3	1.471E-2	1.408E-5	3.244E-1	6.97E-1	7.629E-1	1.534E-1	1.402E-1	ACFGILMQSTVWY	DEHKNPR
41	24.26	7.584E-5	'QQQQQQQQQQQ	0.0	N	5.032E-2	2.043E-1	9.999E-1	9.997E-1	3.447E-1	2.152E-1	24.93	25.81	34.35	26.89	20.91	25.83	14.36	23.19	27.25	19.88	16.00	11.38	39.94	0.11	33.70	19.42	22.88	28.88	26.48	23.57	6.474E-5	5.28E-5	9.839E-6	4.158E-5	1.795E-4	5.26E-5	1.5E-3	9.867E-5	3.847E-5	2.4E-4	8.22E-4	5.247E-3	4.032E-6	1E0	1.101E-5	2.741E-4	1.065E-4	2.737E-5	4.555E-5	8.963E-5	Q	ACDEFGHIKLMNPRSTVWY
42	23.34	9.497E-5	'HHHHHHHHHHH	0.0	N	6.326E-2	5.697E-1	5.051E-2	6.85E-1	9.796E-1	9.994E-1	35.09	21.53	36.64	33.22	20.11	23.89	0.12	22.18	23.46	25.24	23.22	17.77	43.50	14.29	31.55	17.35	17.34	25.64	26.01	18.27	8.682E-6	1.517E-4	6.719E-6	1.2E-5	2.246E-4	8.297E-5	1E0	1.275E-4	9.214E-5	6.025E-5	9.791E-5	4.555E-4	2.427E-6	1.543E-3	1.627E-5	5.209E-4	5.229E-4	5.491E-5	5.049E-5	3.892E-4	H	ACDEFGIKLMNPQRSTVWY
43	14.80	1.271E-3	'IIIVIIIIIII	0.0	N	2.397E-2	7.65E-2	9.999E-1	9.134E-1	7.74E-1	3.269E-2	19.14	6.88	32.47	29.16	8.72	14.79	17.07	1.06	27.96	10.18	14.80	15.32	26.05	14.61	31.72	13.34	14.05	5.31	17.21	13.70	2.977E-4	5.874E-2	1.374E-5	2.587E-5	2.004E-2	1.272E-3	5.712E-4	9.945E-1	3.309E-5	9.348E-3	1.27E-3	1.048E-3	5.006E-5	1.362E-3	1.576E-5	2.25E-3	1.689E-3	1.589E-1	5.451E-4	1.943E-3	CFIV	ADEGHKLMNPQRSTWY
44	6.75	6.37E-2	'SSSSNNNNNNQ	0.0	N	9.628E-1	9.998E-1	9.999E-1	9.646E-1	9.986E-1	9.392E-1	6.94	5.98	24.35	23.81	6.01	3.85	11.10	7.34	23.19	6.92	5.16	1.39	10.68	2.82	23.07	2.43	4.51	7.94	6.57	6.11	5.676E-2	1.033E-1	7.423E-5	8.451E-5	1.013E-1	4.001E-1	5.974E-3	4.446E-2	9.867E-5	5.724E-2	1.753E-1	9.786E-1	7.311E-3	6.826E-1	1.016E-4	7.925E-1	2.664E-1	3.113E-2	7.115E-2	9.546E-2	ACFGILMNQSTVWY	DEHKPR
45	6.62	6.921E-2	'LLLLVMMMMMT	0.0	N	9.553E-1	3.432E-1	9.999E-1	9.997E-1	9.93E-1	9.224E-1	6.59	5.41	32.59	29.86	2.86	5.80	13.00	3.80	28.32	2.53	3.08	11.65	12.48	9.14	32.43	4.39	5.31	6.64	5.21	8.04	7.022E-2	1.49E-1	1.343E-5	2.25E-5	6.712E-1	1.163E-1	2.584E-3	4.114E-1	3.068E-5	7.67E-1	6.05E-1	4.638E-3	3.218E-3	1.602E-2	1.383E-5	2.872E-1	1.593E-1	6.821E-2	1.703E-1	2.947E-2	ACFGILMQSTVWY	DEHKNPR
46	19.46	2.71E-4	'NNNNNTTTTTT	0.0	N	9.959E-1	1E0	9.999E-1	1.639E-1	4.75E-1	1E0	18.74	4.69	24.04	30.04	21.77	15.59	14.81	17.95	28.55	20.24	20.16	1.31	34.76	12.22	29.97	6.74	1.03	10.07	30.62	20.20	3.366E-4	2.375E-1	8.007E-5	2.171E-5	1.424E-4	9.513E-4	1.265E-3	4.297E-4	2.925E-5	2.162E-4	2.214E-4	9.837E-1	9.182E-6	3.596E-3	2.201E-5	6.417E-2	9.952E-1	9.874E-3	1.94E-5	2.186E-4	CNST	ADEFGHIKLMPQRVWY
47	11.64	4.665E-3	'PPPPPSSSSSP	0.0	N	9.565E-1	8.228E-1	9.999E-1	6.493E-1	9.602E-1	9.649E-1	10.16	11.38	37.90	35.36	15.19	4.92	11.75	20.05	28.74	18.63	11.53	11.30	1.79	9.64	36.17	2.92	3.01	18.16	12.47	8.02	9.443E-3	5.264E-3	5.505E-6	8.293E-6	1.1E-3	2.05E-1	4.438E-3	2.284E-4	2.817E-5	3.477E-4	4.907E-3	5.46E-3	9.325E-1	1.231E-2	7.253E-6	6.539E-1	6.271E-1	4.026E-4	3.234E-3	2.986E-2	GPQSTY	ACDEFHIKLMNRVW
48	2.90	6.587E-1	'PPPPPQQQQGL	0.0	N	1E0	1E0	9.999E-1	9.998E-1	9.992E-1	9.951E-1	2.61	2.61	25.42	25.23	2.78	3.02	11.27	2.76	23.08	2.52	2.61	2.49	1.54	2.34	23.35	2.66	3.22	3.08	4.04	3.33	7.44E-1	7.434E-1	5.782E-5	6.035E-5	6.944E-1	6.244E-1	5.534E-3	7.004E-1	1.014E-4	7.697E-1	7.425E-1	7.779E-1	9.654E-1	8.156E-1	9.472E-5	7.278E-1	5.637E-1	6.062E-1	3.557E-1	5.341E-1	ACFGILMNPQSTVWY	DEHKR
49	10.31	8.765E-3	'RRRQRQQQQQH	0.0	N	2.069E-1	9.88E-1	9.991E-1	9.975E-1	9.79E-1	9.809E-1	16.37	18.28	6.81	6.51	17.84	12.18	3.93	22.41	2.42	20.42	13.60	4.65	18.35	1.84	2.53	9.13	10.32	22.76	9.55	10.30	7.223E-4	3.876E-4	6.146E-2	7.41E-2	4.449E-4	3.66E-3	3.815E-1	1.202E-4	7.948E-1	2.058E-4	2.024E-3	2.437E-1	3.792E-4	9.253E-1	7.645E-1	1.609E-2	8.715E-3	1.098E-4	1.286E-2	8.815E-3	DEHKNQRSW	ACFGILMPTVY
50	22.47	1.185E-4	'CCCCCCCCCCC	0.0	N	5.103E-2	1.22E-1	9.999E-1	8.697E-2	5.41E-1	8.316E-2	31.68	0.15	33.87	36.35	21.32	15.41	20.77	14.97	32.58	24.77	27.15	20.06	38.89	23.55	34.86	14.04	13.96	8.57	32.95	21.23	1.587E-5	1E0	1.07E-5	7.044E-6	1.602E-4	1.015E-3	1.867E-4	1.19E-3	1.347E-5	6.713E-5	3.935E-5	2.277E-4	4.721E-6	9.012E-5	9.026E-6	1.698E-3	1.754E-3	2.188E-2	1.259E-5	1.643E-4	CV	ADEFGHIKLMNPQRSTWY
51	19.99	2.326E-4	'TTTTTTTTNTT	0.0	N	9.998E-1	9.972E-1	9.999E-1	1.673E-1	4.958E-1	9.996E-1	19.79	6.64	24.61	30.40	22.98	15.08	14.78	19.61	28.49	22.17	21.31	3.13	35.15	12.81	29.63	6.43	0.46	12.15	31.16	20.18	2.463E-4	6.81E-2	6.978E-5	2.022E-5	1.038E-4	1.142E-3	1.277E-3	2.595E-4	2.967E-5	1.28E-4	1.607E-4	5.904E-1	8.597E-6	2.799E-3	2.352E-5	7.757E-2	1E0	3.722E-3	1.75E-5	2.2E-4	CNST	ADEFGHIKLMPQRVWY
52	3.55	4.733E-1	'IIITINNNNNS	0.0	N	1E0	1E0	9.999E-1	9.997E-1	1E0	1E0	4.88	1.54	24.49	23.55	3.26	3.08	11.50	2.61	23.63	3.82	4.41	1.55	8.50	2.11	23.66	1.76	1.88	1.67	4.85	2.81	2.098E-1	9.652E-1	7.183E-5	9.012E-5	5.522E-1	6.066E-1	4.975E-3	7.439E-1	8.838E-5	4.066E-1	2.836E-1	9.637E-1	2.272E-2	8.715E-1	8.785E-5	9.376E-1	9.174E-1	9.497E-1	2.141E-1	6.847E-1	ACFGILMNPQSTVWY	DEHKR
53	30.18	2.111E-5	'AAAAAAAAAAA	0.0	N	9.387E-2	1.665E-1	9.999E-1	3.225E-2	6.165E-2	1.288E-1	0.23	29.92	43.15	37.64	26.73	22.29	30.44	29.36	32.71	18.63	16.54	22.93	38.15	23.86	40.43	23.39	33.24	35.49	33.74	39.54	1E0	2.221E-5	2.547E-6	5.731E-6	4.307E-5	1.24E-4	2.008E-5	2.485E-5	1.314E-5	3.476E-4	6.831E-4	1.053E-4	5.288E-6	8.362E-5	3.753E-6	9.378E-5	1.194E-5	8.12E-6	1.094E-5	4.277E-6	A	CDEFGHIKLMNPQRSTVWY
54	24.07	7.949E-5	'MMMMMMMMMMM	0.0	N	8.473E-2	5.399E-2	9.999E-1	2.382E-1	7.162E-2	3.036E-1	20.48	26.32	34.69	29.90	15.08	26.02	20.98	21.99	27.72	13.49	0.13	18.48	36.30	15.25	32.16	21.56	25.97	30.01	21.52	26.00	2.023E-4	4.717E-5	9.283E-6	2.231E-5	1.144E-3	5.038E-5	1.758E-4	1.34E-4	3.478E-5	2.116E-3	1E0	3.638E-4	7.097E-6	1.075E-3	1.454E-5	1.505E-4	5.096E-5	2.185E-5	1.521E-4	5.066E-5	M	ACDEFGHIKLNPQRSTVWY
55	14.13	1.64E-3	'RRRRRQQRQQR	0.0	N	1.463E-1	8.975E-1	9.853E-1	9.73E-1	4.574E-1	9.219E-1	17.12	21.70	10.45	10.25	19.36	16.38	7.68	23.61	2.41	19.65	13.03	8.18	30.73	2.77	1.53	11.99	15.15	26.01	11.20	15.74	5.612E-4	1.448E-4	8.163E-3	9.007E-3	2.796E-4	7.215E-4	3.627E-2	8.876E-5	7.982E-1	2.561E-4	2.546E-3	2.713E-2	1.9E-5	6.962E-1	9.662E-1	3.981E-3	1.117E-3	5.049E-5	5.703E-3	9.01E-4	HKNQR	ACDEFGILMPSTVWY
56	7.42	4.247E-2	'AVVVVVVVVVA	0.0	N	4.955E-1	2.031E-1	9.999E-1	9.997E-1	9.973E-1	9.96E-1	4.22	3.00	38.33	33.42	6.05	7.02	13.10	2.84	29.23	3.99	7.38	14.05	13.58	10.96	35.73	6.07	6.50	1.45	8.32	7.45	3.187E-1	6.296E-1	5.145E-6	1.159E-5	9.89E-2	5.402E-2	2.483E-3	6.757E-1	2.548E-5	3.662E-1	4.33E-2	1.693E-3	2.04E-3	6.387E-3	7.806E-6	9.743E-2	7.458E-2	9.736E-1	2.505E-2	4.167E-2	ACFGILMSTVWY	DEHKNPQR
57	18.79	3.309E-4	'IIIIIIIIIII	0.0	N	2.167E-2	6.228E-2	9.999E-1	1.615E-1	2.41E-1	2.631E-2	24.54	16.31	34.64	30.14	10.65	26.22	17.63	0.10	28.51	10.44	15.70	17.95	36.92	15.00	32.56	20.83	19.60	10.65	22.53	15.76	7.091E-5	7.395E-4	9.376E-6	2.129E-5	7.413E-3	4.817E-5	4.758E-4	1E0	2.953E-5	8.214E-3	9.151E-4	4.3E-4	6.429E-6	1.18E-3	1.35E-5	1.834E-4	2.601E-4	7.405E-3	1.166E-4	8.947E-4	I	ACDEFGHKLMNPQRSTVWY
58	22.22	1.265E-4	'NNNNNNNNNNN	0.0	N	5.032E-2	1.168E-1	9.999E-1	1.375E-1	3.728E-1	3.726E-2	25.80	17.00	29.27	29.44	22.38	16.55	14.29	22.05	25.31	24.08	23.48	0.09	31.67	11.02	29.80	13.40	16.73	21.24	28.79	20.20	5.298E-5	5.856E-4	2.528E-5	2.444E-5	1.211E-4	6.801E-4	1.538E-3	1.322E-4	5.925E-5	7.917E-5	9.163E-5	1E0	1.59E-5	6.206E-3	2.274E-5	2.188E-3	6.395E-4	1.638E-4	2.785E-5	2.189E-4	N	ACDEFGHIKLMPQRSTVWY
59	7.74	3.506E-2	'NNNNNNNNNNR	0.0	N	1.413E-1	9.572E-1	1E0	9.993E-1	9.999E-1	7.488E-1	16.47	17.93	4.44	5.19	18.31	9.26	3.57	24.11	2.94	22.34	14.72	0.98	11.98	2.41	4.60	6.99	7.61	23.40	7.46	7.87	6.98E-4	4.33E-4	2.784E-1	1.723E-1	3.834E-4	1.501E-2	4.689E-1	7.869E-5	6.455E-1	1.225E-4	1.31E-3	9.963E-1	3.997E-3	7.973E-1	2.512E-1	5.488E-2	3.784E-2	9.352E-5	4.138E-2	3.254E-2	DEGHKNQRSTWY	ACFILMPV
60	17.87	4.413E-4	'YYYYYYYYFYY	0.0	N	1E0	9.989E-1	9.999E-1	3.556E-2	1E0	4.656E-2	30.63	14.49	28.46	31.54	6.11	21.63	17.57	9.06	33.65	15.72	18.16	21.06	35.87	19.57	33.19	17.28	12.65	13.23	12.28	0.92	1.935E-5	1.427E-3	2.98E-5	1.629E-5	9.497E-2	1.477E-4	4.85E-4	1.671E-2	1.113E-5	9.085E-4	4.028E-4	1.722E-4	7.616E-6	2.623E-4	1.205E-5	5.324E-4	2.997E-3	2.352E-3	3.514E-3	9.973E-1	FIY	ACDEGHKLMNPQRSTVW
61	16.23	7.592E-4	'RRRQQQQQQQQ	0.0	N	1.405E-1	9.84E-1	1E0	9.996E-1	5.355E-1	6.278E-1	18.55	24.96	10.38	10.82	22.19	18.13	9.43	27.17	3.30	22.32	14.61	7.77	34.14	0.92	4.20	13.45	17.70	29.99	13.37	18.63	3.563E-4	6.422E-5	8.473E-3	6.836E-3	1.273E-4	4.061E-4	1.374E-2	3.915E-5	5.425E-1	1.232E-4	1.364E-3	3.449E-2	1.021E-5	9.974E-1	3.225E-1	2.15E-3	4.65E-4	2.19E-5	2.222E-3	3.477E-4	HKNQR	ACDEFGILMPSTVWY
62	3.65	4.473E-1	'WWWRRRRRRRP	0.0	N	9.368E-1	9.962E-1	9.854E-1	9.978E-1	1E0	1E0	5.36	5.48	3.58	3.72	5.34	3.86	1.95	7.28	1.14	6.74	4.21	2.29	3.89	2.26	1.47	3.09	3.11	7.16	2.89	2.73	1.54E-1	1.431E-1	4.658E-1	4.296E-1	1.565E-1	3.962E-1	9.053E-1	4.606E-2	9.918E-1	6.409E-2	3.208E-1	8.301E-1	3.892E-1	8.378E-1	9.713E-1	6.039E-1	5.955E-1	4.957E-2	6.621E-1	7.085E-1	ACDEFGHIKLMNPQRSTVWY	
63	22.61	1.143E-4	'RRRRRRRRRRR	0.0	N	2.95E-2	1.623E-2	1.734E-2	9.106E-2	1.192E-1	8.331E-1	25.85	29.01	22.90	22.96	21.69	25.90	14.41	26.94	6.07	19.03	15.78	17.24	40.70	14.43	0.14	21.57	26.48	34.02	22.31	25.93	5.243E-5	2.667E-5	1.061E-4	1.044E-4	1.452E-4	5.178E-5	1.473E-3	4.118E-5	9.752E-2	3.079E-4	8.873E-4	5.41E-4	3.607E-6	1.458E-3	1E0	1.501E-4	4.551E-5	1.042E-5	1.233E-4	5.147E-5	KR	ACDEFGHILMNPQSTVWY
64	22.47	1.185E-4	'CCCCCCCCCCC	0.0	N	5.103E-2	1.22E-1	9.999E-1	8.697E-2	5.41E-1	8.316E-2	31.68	0.15	33.87	36.35	21.32	15.41	20.77	14.97	32.58	24.77	27.15	20.06	38.89	23.55	34.86	14.04	13.96	8.57	32.95	21.23	1.587E-5	1E0	1.07E-5	7.044E-6	1.602E-4	1.015E-3	1.867E-4	1.19E-3	1.347E-5	6.713E-5	3.935E-5	2.277E-4	4.721E-6	9.012E-5	9.026E-6	1.698E-3	1.754E-3	2.188E-2	1.259E-5	1.643E-4	CV	ADEFGHIKLMNPQRSTWY
65	23.22	9.786E-5	'KKKKKKKKKKK	0.0	N	3.919E-2	2.454E-2	1.734E-2	1.353E-1	4.531E-1	3.427E-1	26.45	29.33	21.52	23.70	21.07	26.98	15.82	25.96	0.14	18.99	17.24	14.55	39.91	14.08	7.31	23.00	27.99	33.06	23.44	26.46	4.582E-5	2.499E-5	1.52E-4	8.693E-5	1.718E-4	4.081E-5	8.749E-4	5.11E-5	1E0	3.118E-4	5.402E-4	1.396E-3	4.049E-6	1.674E-3	4.538E-2	1.034E-4	3.286E-5	1.234E-5	9.267E-5	4.57E-5	KR	ACDEFGHILMNPQSTVWY
66	19.79	2.461E-4	'NNNDNNNNNNN	0.0	N	5.032E-2	8.131E-1	9.999E-1	1.439E-1	4.571E-1	8.148E-2	23.71	23.71	4.84	20.80	27.36	18.17	9.39	30.97	11.91	29.81	21.19	1.05	33.83	10.17	13.70	11.71	13.33	29.91	25.46	18.73	8.678E-5	8.669E-5	2.153E-1	1.85E-4	3.76E-5	4.006E-4	1.397E-2	1.815E-5	4.126E-3	2.27E-5	1.663E-4	9.947E-1	1.078E-5	9.402E-3	1.941E-3	4.517E-3	2.253E-3	2.226E-5	5.725E-5	3.373E-4	DHN	ACEFGIKLMPQRSTVWY
67	24.26	7.584E-5	'QQQQQQQQQQQ	0.0	N	5.032E-2	2.043E-1	9.999E-1	9.997E-1	3.447E-1	2.152E-1	24.93	25.81	34.35	26.89	20.91	25.83	14.36	23.19	27.25	19.88	16.00	11.38	39.94	0.11	33.70	19.42	22.88	28.88	26.48	23.57	6.474E-5	5.28E-5	9.839E-6	4.158E-5	1.795E-4	5.26E-5	1.5E-3	9.867E-5	3.847E-5	2.4E-4	8.22E-4	5.247E-3	4.032E-6	1E0	1.101E-5	2.741E-4	1.065E-4	2.737E-5	4.555E-5	8.963E-5	Q	ACDEFGHIKLMNPRSTVWY
68	22.22	1.265E-4	'NNNNNNNNNNN	0.0	N	5.032E-2	1.168E-1	9.999E-1	1.375E-1	3.728E-1	3.726E-2	25.80	17.00	29.27	29.44	22.38	16.55	14.29	22.05	25.31	24.08	23.48	0.09	31.67	11.02	29.80	13.40	16.73	21.24	28.79	20.20	5.298E-5	5.856E-4	2.528E-5	2.444E-5	1.211E-4	6.801E-4	1.538E-3	1.322E-4	5.925E-5	7.917E-5	9.163E-5	1E0	1.59E-5	6.206E-3	2.274E-5	2.188E-3	6.395E-4	1.638E-4	2.785E-5	2.189E-4	N	ACDEFGHIKLMPQRSTVWY
69	29.69	2.327E-5	'TTTTTTTTTTT	0.0	N	9.994E-1	2.356E-1	9.999E-1	1.66E-1	4.956E-1	1.793E-1	37.99	20.96	37.39	36.28	29.63	18.10	16.55	33.48	34.43	38.50	29.50	20.18	43.72	20.59	37.76	11.33	0.19	29.75	30.82	18.30	5.424E-6	1.769E-4	5.959E-6	7.122E-6	2.355E-5	4.097E-4	6.795E-4	1.145E-5	9.719E-6	5.011E-6	2.416E-5	2.204E-4	2.355E-6	1.961E-4	5.626E-6	5.383E-3	1E0	2.3E-5	1.866E-5	3.848E-4	T	ACDEFGHIKLMNPQRSVWY
70	19.02	3.092E-4	'FFFFFFFFFFF	0.0	N	4.199E-2	4.748E-2	9.999E-1	3.713E-2	9.833E-1	4.996E-2	27.40	17.91	32.39	32.98	0.11	22.93	19.98	10.86	29.11	12.82	15.45	18.36	37.94	18.60	32.25	19.43	20.52	17.61	14.67	16.28	3.727E-5	4.359E-4	1.394E-5	1.252E-5	1E0	1.052E-4	2.329E-4	6.711E-3	2.611E-5	2.786E-3	1.001E-3	3.778E-4	5.469E-6	3.512E-4	1.429E-5	2.736E-4	1.997E-4	4.788E-4	1.333E-3	7.471E-4	F	ACDEGHIKLMNPQRSTVWY
71	23.71	8.665E-5	'LLLLLLLLLLL	0.0	N	2.658E-2	7.302E-2	9.999E-1	1.615E-1	1.093E-1	1.961E-1	21.92	24.63	34.83	29.94	12.59	26.63	20.32	15.46	28.01	0.13	10.65	18.30	36.32	15.01	33.02	22.76	26.81	25.80	22.06	24.92	1.368E-4	6.947E-5	9.074E-6	2.212E-5	3.075E-3	4.405E-5	2.116E-4	9.979E-4	3.272E-5	1E0	7.401E-3	3.856E-4	7.084E-6	1.174E-3	1.243E-5	1.1E-4	4.233E-5	5.297E-5	1.317E-4	6.489E-5	L	ACDEFGHIKMNPQRSTVWY
72	6.97	5.573E-2	'RRRRRLLLRLH	0.0	N	1E0	9.989E-1	9.769E-1	6.305E-1	9.556E-1	1E0	10.75	11.71	6.89	7.06	5.40	13.98	3.54	6.75	2.40	2.43	2.84	6.12	12.48	3.42	1.92	10.89	10.35	10.84	8.91	7.05	7.072E-3	4.519E-3	5.856E-2	5.276E-2	1.502E-1	1.735E-3	4.758E-1	6.387E-2	8.02E-1	7.922E-1	6.772E-1	9.485E-2	3.215E-3	5.077E-1	9.104E-1	6.618E-3	8.596E-3	6.759E-3	1.813E-2	5.308E-2	DEFHIKLMNQRWY	ACGPSTV
73	29.69	2.327E-5	'TTTTTTTTTTT	0.0	N	9.994E-1	2.356E-1	9.999E-1	1.66E-1	4.956E-1	1.793E-1	37.99	20.96	37.39	36.28	29.63	18.10	16.55	33.48	34.43	38.50	29.50	20.18	43.72	20.59	37.76	11.33	0.19	29.75	30.82	18.30	5.424E-6	1.769E-4	5.959E-6	7.122E-6	2.355E-5	4.097E-4	6.795E-4	1.145E-5	9.719E-6	5.011E-6	2.416E-5	2.204E-4	2.355E-6	1.961E-4	5.626E-6	5.383E-3	1E0	2.3E-5	1.866E-5	3.848E-4	T	ACDEFGHIKLMNPQRSVWY
74	29.69	2.327E-5	'TTTTTTTTTTT	0.0	N	9.994E-1	2.356E-1	9.999E-1	1.66E-1	4.956E-1	1.793E-1	37.99	20.96	37.39	36.28	29.63	18.10	16.55	33.48	34.43	38.50	29.50	20.18	43.72	20.59	37.76	11.33	0.19	29.75	30.82	18.30	5.424E-6	1.769E-4	5.959E-6	7.122E-6	2.355E-5	4.097E-4	6.795E-4	1.145E-5	9.719E-6	5.011E-6	2.416E-5	2.204E-4	2.355E-6	1.961E-4	5.626E-6	5.383E-3	1E0	2.3E-5	1.866E-5	3.848E-4	T	ACDEFGHIKLMNPQRSVWY
75	19.02	3.092E-4	'FFFFFFFFFFF	0.0	N	4.199E-2	4.748E-2	9.999E-1	3.713E-2	9.833E-1	4.996E-2	27.40	17.91	32.39	32.98	0.11	22.93	19.98	10.86	29.11	12.82	15.45	18.36	37.94	18.60	32.25	19.43	20.52	17.61	14.67	16.28	3.727E-5	4.359E-4	1.394E-5	1.252E-5	1E0	1.052E-4	2.329E-4	6.711E-3	2.611E-5	2.786E-3	1.001E-3	3.778E-4	5.469E-6	3.512E-4	1.429E-5	2.736E-4	1.997E-4	4.788E-4	1.333E-3	7.471E-4	F	ACDEGHIKLMNPQRSTVWY
76	30.18	2.111E-5	'AAAAAAAAAAA	0.0	N	9.387E-2	1.665E-1	9.999E-1	3.225E-2	6.165E-2	1.288E-1	0.23	29.92	43.15	37.64	26.73	22.29	30.44	29.36	32.71	18.63	16.54	22.93	38.15	23.86	40.43	23.39	33.24	35.49	33.74	39.54	1E0	2.221E-5	2.547E-6	5.731E-6	4.307E-5	1.24E-4	2.008E-5	2.485E-5	1.314E-5	3.476E-4	6.831E-4	1.053E-4	5.288E-6	8.362E-5	3.753E-6	9.378E-5	1.194E-5	8.12E-6	1.094E-5	4.277E-6	A	CDEFGHIKLMNPQRSTVWY
77	8.27	2.579E-2	'NNNNYNNNNDN	0.0	N	4.452E-1	9.448E-1	1E0	9.985E-1	7.654E-1	9.76E-1	15.85	10.76	4.69	16.29	12.05	7.75	3.74	16.20	6.77	16.74	14.25	0.89	25.02	7.86	8.62	3.90	3.52	14.51	7.91	4.04	8.66E-4	7.045E-3	2.378E-1	7.441E-4	3.875E-3	3.489E-2	4.265E-1	7.674E-4	6.278E-2	6.387E-4	1.563E-3	9.978E-1	6.339E-5	3.272E-2	2.128E-2	3.862E-1	4.806E-1	1.414E-3	3.166E-2	3.564E-1	DGHKNQRSTWY	ACEFILMPV
78	12.74	2.887E-3	'VVVVTVVVVVV	0.0	N	7.009E-1	1.743E-1	9.999E-1	1E0	9.999E-1	3.007E-1	14.34	4.10	36.88	31.20	11.51	10.83	14.44	6.74	32.27	11.51	13.59	15.00	23.81	11.82	38.13	6.83	4.42	0.46	16.59	10.33	1.514E-3	3.431E-1	6.467E-6	1.737E-5	4.949E-3	6.8E-3	1.457E-3	6.395E-2	1.424E-5	4.956E-3	2.031E-3	1.177E-3	8.466E-5	4.299E-3	5.305E-6	6.06E-2	2.823E-1	9.999E-1	6.716E-4	8.663E-3	CISTV	ADEFGHKLMNPQRWY
79	9.93	1.06E-2	'VVVVAVVVVVV	0.0	N	1.909E-1	1.279E-1	9.999E-1	1E0	9.987E-1	8.942E-1	7.74	3.79	38.44	32.70	7.83	9.56	13.65	3.90	28.88	6.12	10.28	14.18	17.49	11.16	35.60	8.35	8.98	0.80	11.77	8.95	3.502E-2	4.136E-1	5.061E-6	1.317E-5	3.319E-2	1.28E-2	1.984E-3	3.874E-1	2.737E-5	9.46E-2	8.877E-3	1.606E-3	4.982E-4	5.828E-3	7.969E-6	2.471E-2	1.748E-2	9.988E-1	4.403E-3	1.773E-2	ACFGILSTVY	DEHKMNPQRW
80	14.82	1.259E-3	'NNNNNNNNNHN	0.0	N	5.839E-2	4.088E-1	1E0	9.607E-1	7.19E-1	8.299E-1	22.68	17.94	13.89	16.08	20.93	10.03	5.12	27.01	9.89	27.01	21.40	0.76	24.85	7.84	14.94	7.47	7.21	24.61	14.71	7.60	1.12E-4	4.31E-4	1.801E-3	8.004E-4	1.785E-4	1.009E-2	1.802E-1	4.048E-5	1.081E-2	4.049E-5	1.569E-4	9.991E-1	6.589E-5	3.304E-2	1.206E-3	4.123E-2	4.805E-2	6.979E-5	1.315E-3	3.806E-2	GHKNQSTY	ACDEFILMPRVW
81	20.95	1.772E-4	'VVVVVVVVVVV	0.0	N	2.345E-2	8.195E-2	9.999E-1	1E0	9.833E-1	2.28E-2	27.75	9.32	33.13	32.45	21.09	23.22	17.83	11.96	30.41	20.81	24.43	15.88	38.09	17.56	33.95	17.62	15.28	0.11	33.75	19.81	3.459E-5	1.457E-2	1.219E-5	1.377E-5	1.706E-4	9.795E-5	4.464E-4	4.044E-3	2.019E-5	1.843E-4	7.284E-5	8.582E-4	5.344E-6	4.871E-4	1.056E-5	4.771E-4	1.064E-3	1E0	1.093E-5	2.451E-4	CV	ADEFGHIKLMNPQRSTWY
82	22.47	1.185E-4	'CCCCCCCCCCC	0.0	N	5.103E-2	1.22E-1	9.999E-1	8.697E-2	5.41E-1	8.316E-2	31.68	0.15	33.87	36.35	21.32	15.41	20.77	14.97	32.58	24.77	27.15	20.06	38.89	23.55	34.86	14.04	13.96	8.57	32.95	21.23	1.587E-5	1E0	1.07E-5	7.044E-6	1.602E-4	1.015E-3	1.867E-4	1.19E-3	1.347E-5	6.713E-5	3.935E-5	2.277E-4	4.721E-6	9.012E-5	9.026E-6	1.698E-3	1.754E-3	2.188E-2	1.259E-5	1.643E-4	CV	ADEFGHIKLMNPQRSTWY
83	7.64	3.717E-2	'GGGGRGGGGGG	0.0	N	1E0	1E0	1E0	8.85E-1	9.416E-1	4.651E-1	5.52	12.18	7.12	7.05	12.00	0.76	8.10	15.89	5.27	8.49	7.16	4.91	12.82	5.14	6.85	3.77	11.48	18.29	10.99	15.60	1.388E-1	3.661E-3	5.079E-2	5.287E-2	3.977E-3	9.991E-1	2.853E-2	8.535E-4	1.629E-1	2.278E-2	4.964E-2	2.068E-1	2.785E-3	1.779E-1	5.974E-2	4.189E-1	5.02E-3	3.865E-4	6.294E-3	9.475E-4	ADEGHKLMNQRS	CFIPTVWY
84	22.22	1.265E-4	'NNNNNNNNNNN	0.0	N	5.032E-2	1.168E-1	9.999E-1	1.375E-1	3.728E-1	3.726E-2	25.80	17.00	29.27	29.44	22.38	16.55	14.29	22.05	25.31	24.08	23.48	0.09	31.67	11.02	29.80	13.40	16.73	21.24	28.79	20.20	5.298E-5	5.856E-4	2.528E-5	2.444E-5	1.211E-4	6.801E-4	1.538E-3	1.322E-4	5.925E-5	7.917E-5	9.163E-5	1E0	1.59E-5	6.206E-3	2.274E-5	2.188E-3	6.395E-4	1.638E-4	2.785E-5	2.189E-4	N	ACDEFGHIKLMPQRSTVWY
85	5.96	1.048E-1	'QQQPEPPPPPT	0.0	N	9.783E-1	1E0	1E0	9.709E-1	9.981E-1	9.92E-1	6.35	6.67	5.70	5.34	9.69	6.08	3.41	11.33	5.17	10.71	6.72	2.76	1.72	2.85	6.40	3.85	2.41	9.90	9.50	5.83	8.19E-2	6.697E-2	1.239E-1	1.557E-1	1.198E-2	9.683E-2	5.128E-1	5.371E-3	1.739E-1	7.206E-3	6.489E-2	6.997E-1	9.435E-1	6.737E-1	7.939E-2	3.996E-1	7.991E-1	1.077E-2	1.322E-2	1.136E-1	ACDEFGHKMNPQRSTVWY	IL
86	5.23	1.679E-1	'SSSNRNNNNSN	0.0	N	9.539E-1	9.995E-1	1E0	9.874E-1	9.967E-1	9.394E-1	6.84	6.27	4.71	7.06	5.95	3.80	3.08	7.62	4.04	6.97	4.97	1.16	10.70	3.19	4.68	2.39	4.42	8.22	5.47	5.65	6.043E-2	8.607E-2	2.35E-1	5.281E-2	1.052E-1	4.097E-1	6.067E-1	3.755E-2	3.565E-1	5.565E-2	1.984E-1	9.909E-1	7.228E-3	5.725E-1	2.393E-1	8.048E-1	2.811E-1	2.663E-2	1.433E-1	1.277E-1	ACDEFGHIKLMNQRSTVWY	P
87	17.07	5.706E-4	'IIIIIMMMIMI	0.0	N	5.198E-1	6.504E-2	9.999E-1	2.161E-1	5.684E-1	7.556E-1	18.90	16.52	44.50	35.73	7.70	27.45	17.25	1.95	34.40	3.12	5.66	22.93	27.37	15.57	42.17	20.74	15.99	9.40	16.89	12.97	3.208E-4	6.868E-4	2.121E-6	7.797E-6	3.599E-2	3.685E-5	5.381E-4	9.043E-1	9.767E-6	5.938E-1	1.27E-1	1.053E-4	3.75E-5	9.574E-4	2.921E-6	1.881E-4	8.261E-4	1.393E-2	6.058E-4	2.615E-3	FILMV	ACDEGHKNPQRSTWY
88	3.51	4.855E-1	'RRRTRTTTTPT	0.0	N	9.987E-1	1E0	9.999E-1	1E0	1E0	1E0	4.77	4.14	3.25	3.75	5.34	2.99	1.93	6.52	2.75	6.43	4.09	2.04	4.00	2.45	2.74	1.88	1.40	5.96	4.76	2.87	2.254E-1	3.345E-1	5.57E-1	4.238E-1	1.562E-1	6.318E-1	9.094E-1	7.345E-2	7.031E-1	7.777E-2	3.463E-1	8.872E-1	3.64E-1	7.875E-1	7.065E-1	9.181E-1	9.771E-1	1.049E-1	2.269E-1	6.666E-1	ACDEFGHIKLMNPQRSTVWY	
89	22.47	1.185E-4	'CCCCCCCCCCC	0.0	N	5.103E-2	1.22E-1	9.999E-1	8.697E-2	5.41E-1	8.316E-2	31.68	0.15	33.87	36.35	21.32	15.41	20.77	14.97	32.58	24.77	27.15	20.06	38.89	23.55	34.86	14.04	13.96	8.57	32.95	21.23	1.587E-5	1E0	1.07E-5	7.044E-6	1.602E-4	1.015E-3	1.867E-4	1.19E-3	1.347E-5	6.713E-5	3.935E-5	2.277E-4	4.721E-6	9.012E-5	9.026E-6	1.698E-3	1.754E-3	2.188E-2	1.259E-5	1.643E-4	CV	ADEFGHIKLMNPQRSTWY
90	9.71	1.186E-2	'PPLPPPPPPPP	0.0	N	9.964E-1	9.367E-1	9.999E-1	7.505E-1	3.288E-1	3.706E-1	8.50	7.48	36.01	33.72	10.06	10.21	12.55	8.23	28.76	8.43	9.65	11.29	0.28	9.76	35.66	8.65	9.02	7.76	12.97	9.35	2.264E-2	4.079E-2	7.448E-6	1.098E-5	9.926E-3	9.202E-3	3.12E-3	2.639E-2	2.801E-5	2.358E-2	1.22E-2	5.481E-3	1E0	1.154E-2	7.89E-6	2.092E-2	1.709E-2	3.46E-2	2.616E-3	1.434E-2	ACILMPQSTVY	DEFGHKNRW
91	9.20	1.546E-2	'HHHRRSSSSSR	0.0	N	9.805E-1	9.993E-1	9.935E-1	1E0	1E0	9.882E-1	9.33	11.80	14.02	7.83	12.06	6.92	3.49	17.01	3.83	7.34	5.55	10.90	21.97	4.86	1.98	2.24	9.68	19.89	9.07	14.82	1.445E-2	4.336E-3	1.709E-3	3.325E-2	3.861E-3	5.73E-2	4.885E-1	5.821E-4	4.042E-1	4.452E-2	1.368E-1	6.569E-3	1.349E-4	2.133E-1	8.994E-1	8.414E-1	1.205E-2	2.393E-4	1.657E-2	1.258E-3	AEGHKLMQRSTW	CDFINPVY
92	22.22	1.265E-4	'NNNNNNNNNNN	0.0	N	5.032E-2	1.168E-1	9.999E-1	1.375E-1	3.728E-1	3.726E-2	25.80	17.00	29.27	29.44	22.38	16.55	14.29	22.05	25.31	24.08	23.48	0.09	31.67	11.02	29.80	13.40	16.73	21.24	28.79	20.20	5.298E-5	5.856E-4	2.528E-5	2.444E-5	1.211E-4	6.801E-4	1.538E-3	1.322E-4	5.925E-5	7.917E-5	9.163E-5	1E0	1.59E-5	6.206E-3	2.274E-5	2.188E-3	6.395E-4	1.638E-4	2.785E-5	2.189E-4	N	ACDEFGHIKLMPQRSTVWY
93	4.95	2.009E-1	'RRRRRKKKRTA	0.0	N	9.973E-1	9.958E-1	9.759E-1	1E0	9.792E-1	9.997E-1	4.68	6.92	5.60	5.42	5.61	4.87	3.27	7.05	1.47	3.46	2.68	3.83	12.07	2.42	1.13	3.59	6.21	9.01	5.03	7.36	2.387E-1	5.727E-2	1.318E-1	1.479E-1	1.314E-1	2.118E-1	5.507E-1	5.31E-2	9.716E-1	4.986E-1	7.232E-1	4.033E-1	3.85E-3	7.97E-1	9.923E-1	4.63E-1	8.909E-2	1.718E-2	1.907E-1	4.394E-2	ACDEFGHIKLMNQRSTVWY	P
94	22.36	1.219E-4	'TTTTTTTTSSS	0.0	N	9.984E-1	4.154E-1	9.999E-1	7.682E-1	5.189E-1	9.999E-1	23.70	21.27	35.65	31.75	22.98	7.99	14.11	34.01	26.79	32.27	21.72	11.46	29.90	13.01	31.96	1.65	1.30	31.60	12.93	7.06	8.688E-5	1.625E-4	7.903E-6	1.567E-5	1.039E-4	3.036E-2	1.654E-3	1.045E-5	4.253E-5	1.424E-5	1.443E-4	5.055E-3	2.231E-5	2.572E-3	1.508E-5	9.518E-1	9.842E-1	1.612E-5	2.661E-3	5.267E-2	GSTY	ACDEFHIKLMNPQRVW
95	12.86	2.738E-3	'LLLLLRRRRLL	0.0	N	9.998E-1	1E0	9.999E-1	2.285E-1	1.134E-1	9.96E-1	17.46	19.16	12.82	13.59	9.14	27.34	8.98	6.64	3.93	1.06	2.97	12.90	39.57	4.72	3.24	19.83	17.44	14.01	15.18	12.03	5.03E-4	2.962E-4	2.787E-3	2.026E-3	1.598E-2	3.77E-5	1.743E-2	6.805E-2	3.805E-1	9.943E-1	6.385E-1	2.69E-3	4.258E-6	2.333E-1	5.604E-1	2.432E-4	5.064E-4	1.717E-3	1.103E-3	3.913E-3	FHIKLMQR	ACDEGNPSTVWY
96	8.38	2.429E-2	'NNNHHKKKNNN	0.0	N	8.255E-2	9.156E-1	9.996E-1	1E0	9.988E-1	9.823E-1	20.11	21.39	6.36	7.52	22.25	10.80	1.95	29.50	3.54	27.58	18.52	1.12	14.91	3.47	5.64	8.01	7.36	28.18	8.74	6.74	2.245E-4	1.574E-4	8.153E-2	3.987E-2	1.252E-4	6.913E-3	9.049E-1	2.416E-5	4.756E-1	3.585E-5	3.601E-4	9.926E-1	1.218E-3	4.95E-1	1.29E-1	3.004E-2	4.38E-2	3.163E-5	1.991E-2	6.415E-2	DEHKNQRSTWY	ACFGILMPV
97	22.22	1.265E-4	'NNNNNNNNNNN	0.0	N	5.032E-2	1.168E-1	9.999E-1	1.375E-1	3.728E-1	3.726E-2	25.80	17.00	29.27	29.44	22.38	16.55	14.29	22.05	25.31	24.08	23.48	0.09	31.67	11.02	29.80	13.40	16.73	21.24	28.79	20.20	5.298E-5	5.856E-4	2.528E-5	2.444E-5	1.211E-4	6.801E-4	1.538E-3	1.322E-4	5.925E-5	7.917E-5	9.163E-5	1E0	1.59E-5	6.206E-3	2.274E-5	2.188E-3	6.395E-4	1.638E-4	2.785E-5	2.189E-4	N	ACDEFGHIKLMPQRSTVWY
98	22.47	1.185E-4	'CCCCCCCCCCC	0.0	N	5.103E-2	1.22E-1	9.999E-1	8.697E-2	5.41E-1	8.316E-2	31.68	0.15	33.87	36.35	21.32	15.41	20.77	14.97	32.58	24.77	27.15	20.06	38.89	23.55	34.86	14.04	13.96	8.57	32.95	21.23	1.587E-5	1E0	1.07E-5	7.044E-6	1.602E-4	1.015E-3	1.867E-4	1.19E-3	1.347E-5	6.713E-5	3.935E-5	2.277E-4	4.721E-6	9.012E-5	9.026E-6	1.698E-3	1.754E-3	2.188E-2	1.259E-5	1.643E-4	CV	ADEFGHIKLMNPQRSTWY
99	23.34	9.497E-5	'HHHHHHHHHHH	0.0	N	6.326E-2	5.697E-1	5.051E-2	6.85E-1	9.796E-1	9.994E-1	35.09	21.53	36.64	33.22	20.11	23.89	0.12	22.18	23.46	25.24	23.22	17.77	43.50	14.29	31.55	17.35	17.34	25.64	26.01	18.27	8.682E-6	1.517E-4	6.719E-6	1.2E-5	2.246E-4	8.297E-5	1E0	1.275E-4	9.214E-5	6.025E-5	9.791E-5	4.555E-4	2.427E-6	1.543E-3	1.627E-5	5.209E-4	5.229E-4	5.491E-5	5.049E-5	3.892E-4	H	ACDEFGIKLMNPQRSTVWY
100	9.90	1.079E-2	'RQRRRHQHHHH	0.0	N	3.158E-1	9.916E-1	8.845E-1	9.532E-1	9.999E-1	1E0	15.66	15.99	9.99	8.21	15.29	11.56	2.00	19.55	4.25	17.41	11.64	7.52	17.85	4.41	2.69	8.49	9.56	20.47	9.36	9.80	9.269E-4	8.262E-4	1.028E-2	2.667E-2	1.06E-3	4.833E-3	8.952E-1	2.638E-4	3.127E-1	5.11E-4	4.672E-3	4.002E-2	4.431E-4	2.83E-1	7.205E-1	2.284E-2	1.282E-2	2.027E-4	1.421E-2	1.132E-2	DEHKNQRSTWY	ACFGILMPV
101	23.25	9.72E-5	'SSSSSSSSSSS	0.0	N	9.947E-1	4.151E-1	9.999E-1	3.267E-2	2.803E-1	7.15E-1	28.89	20.41	36.90	34.35	21.57	9.08	16.00	29.33	29.77	28.64	19.50	14.09	39.26	15.16	36.37	0.12	13.44	30.82	23.01	23.48	2.732E-5	2.06E-4	6.443E-6	9.839E-6	1.5E-4	1.648E-2	8.211E-4	2.498E-5	2.287E-5	2.871E-5	2.683E-4	1.664E-3	4.467E-6	1.112E-3	7.023E-6	1E0	2.152E-3	1.866E-5	1.031E-4	9.173E-5	GS	ACDEFHIKLMNPQRTVWY
102	4.81	2.198E-1	'RRRRRGGGGGG	0.0	N	9.986E-1	9.999E-1	9.986E-1	9.998E-1	1E0	9.27E-1	4.22	7.74	5.68	4.05	7.67	2.14	4.09	10.38	1.83	5.31	4.25	3.93	10.00	2.39	2.72	1.82	6.94	11.98	6.56	9.74	3.197E-1	3.51E-2	1.255E-1	3.545E-1	3.645E-2	8.663E-1	3.445E-1	8.472E-3	9.26E-1	1.588E-1	3.138E-1	3.811E-1	1.023E-2	8.046E-1	7.111E-1	9.278E-1	5.667E-2	4.008E-3	7.173E-2	1.171E-2	ACDEFGHKLMNPQRSTWY	IV
103	5.43	1.478E-1	'FFFFYSSSVVV	0.0	N	9.746E-1	7.877E-1	9.999E-1	1E0	1E0	9.416E-1	8.29	2.42	27.69	24.89	2.68	5.45	11.73	2.72	24.89	5.40	7.05	6.64	17.29	4.79	26.22	2.85	2.90	1.73	4.04	3.38	2.559E-2	7.944E-1	3.501E-5	6.537E-5	7.239E-1	1.455E-1	4.477E-3	7.126E-1	6.532E-5	1.502E-1	5.305E-2	6.835E-2	5.322E-4	2.227E-1	4.822E-5	6.72E-1	6.587E-1	9.412E-1	3.565E-1	5.19E-1	ACFGILMNQSTVWY	DEHKPR
104	15.06	1.153E-3	'RRRQRQQQQQQ	0.0	N	1.684E-1	9.825E-1	9.999E-1	9.991E-1	5.638E-1	7.494E-1	17.42	23.13	9.76	10.16	20.66	16.94	8.56	25.24	2.66	20.85	13.75	7.45	31.85	1.24	3.32	12.51	16.26	27.76	12.18	17.05	5.088E-4	1.001E-4	1.153E-2	9.445E-3	1.921E-4	5.967E-4	2.192E-2	6.025E-5	7.302E-1	1.822E-4	1.905E-3	4.16E-2	1.539E-5	9.878E-1	5.375E-1	3.18E-3	7.502E-4	3.451E-5	3.666E-3	5.749E-4	DHKNQR	ACEFGILMPSTVWY
105	20.95	1.772E-4	'VVVVVVVVVVV	0.0	N	2.345E-2	8.195E-2	9.999E-1	1E0	9.833E-1	2.28E-2	27.75	9.32	33.13	32.45	21.09	23.22	17.83	11.96	30.41	20.81	24.43	15.88	38.09	17.56	33.95	17.62	15.28	0.11	33.75	19.81	3.459E-5	1.457E-2	1.219E-5	1.377E-5	1.706E-4	9.795E-5	4.464E-4	4.044E-3	2.019E-5	1.843E-4	7.284E-5	8.582E-4	5.344E-6	4.871E-4	1.056E-5	4.771E-4	1.064E-3	1E0	1.093E-5	2.451E-4	CV	ADEFGHIKLMNPQRSTWY
106	20.24	2.166E-4	'PPPPPPPPPPP	0.0	N	4.793E-1	8.118E-1	9.999E-1	1.215E-1	1.294E-2	1.716E-2	20.00	20.21	41.24	38.89	22.47	20.27	19.31	28.75	31.81	26.92	17.48	17.41	0.14	17.67	41.48	17.50	17.77	27.21	25.36	19.95	2.32E-4	2.185E-4	3.334E-6	4.722E-6	1.185E-4	2.147E-4	2.837E-4	2.812E-5	1.55E-5	4.136E-5	4.997E-4	5.11E-4	1E0	4.693E-4	3.222E-6	4.962E-4	4.552E-4	3.879E-5	5.858E-5	2.351E-4	P	ACDEFGHIKLMNQRSTVWY
107	23.71	8.665E-5	'LLLLLLLLLLL	0.0	N	2.658E-2	7.302E-2	9.999E-1	1.615E-1	1.093E-1	1.961E-1	21.92	24.63	34.83	29.94	12.59	26.63	20.32	15.46	28.01	0.13	10.65	18.30	36.32	15.01	33.02	22.76	26.81	25.80	22.06	24.92	1.368E-4	6.947E-5	9.074E-6	2.212E-5	3.075E-3	4.405E-5	2.116E-4	9.979E-4	3.272E-5	1E0	7.401E-3	3.856E-4	7.084E-6	1.174E-3	1.243E-5	1.1E-4	4.233E-5	5.297E-5	1.317E-4	6.489E-5	L	ACDEFGHIKMNPQRSTVWY
108	6.11	9.551E-2	'LLLLLIIIIIT	0.0	N	9.068E-1	3.001E-1	9.999E-1	9.985E-1	9.928E-1	8.883E-1	6.22	4.43	34.22	30.69	3.37	5.99	13.31	1.43	29.16	2.70	4.76	12.50	12.29	9.77	34.00	4.62	4.85	4.21	5.24	7.04	8.862E-2	2.803E-1	1.006E-5	1.915E-5	5.232E-1	1.031E-1	2.271E-3	9.747E-1	2.585E-5	7.175E-1	2.27E-1	3.196E-3	3.497E-3	1.151E-2	1.047E-5	2.484E-1	2.148E-1	3.214E-1	1.668E-1	5.32E-2	ACFGILMQSTVWY	DEHKNPR
109	10.62	7.531E-3	'HHHHHHHHHHY	0.0	N	6.619E-1	9.891E-1	9.104E-1	9.901E-1	9.888E-1	9.997E-1	20.38	8.45	15.99	21.50	10.47	11.69	0.84	13.28	10.76	16.85	18.03	6.24	38.04	8.16	15.71	5.81	5.14	10.27	10.27	3.86	2.081E-4	2.334E-2	8.242E-4	1.53E-4	8.075E-3	4.566E-3	9.984E-1	2.297E-3	7.034E-3	6.15E-4	4.185E-4	8.754E-2	5.384E-6	2.747E-2	9.118E-4	1.154E-1	1.774E-1	8.911E-3	8.923E-3	3.975E-1	CHNQSTY	ADEFGIKLMPRVW
110	22.47	1.185E-4	'CCCCCCCCCCC	0.0	N	5.103E-2	1.22E-1	9.999E-1	8.697E-2	5.41E-1	8.316E-2	31.68	0.15	33.87	36.35	21.32	15.41	20.77	14.97	32.58	24.77	27.15	20.06	38.89	23.55	34.86	14.04	13.96	8.57	32.95	21.23	1.587E-5	1E0	1.07E-5	7.044E-6	1.602E-4	1.015E-3	1.867E-4	1.19E-3	1.347E-5	6.713E-5	3.935E-5	2.277E-4	4.721E-6	9.012E-5	9.026E-6	1.698E-3	1.754E-3	2.188E-2	1.259E-5	1.643E-4	CV	ADEFGHIKLMNPQRSTWY
111	19.59	2.608E-4	'DDDNDNNNNNN	0.0	N	5.032E-2	8.451E-1	9.996E-1	1.451E-1	4.989E-1	9.864E-2	23.74	24.11	3.60	20.71	28.26	18.37	9.11	31.94	11.92	30.72	21.81	1.42	33.60	10.10	13.68	11.74	12.91	30.51	25.52	18.41	8.603E-5	7.859E-5	4.602E-1	1.896E-4	3.111E-5	3.772E-4	1.627E-2	1.514E-5	4.115E-3	1.905E-5	1.407E-4	9.76E-1	1.122E-5	9.728E-3	1.959E-3	4.449E-3	2.682E-3	1.98E-5	5.641E-5	3.726E-4	DHN	ACEFGIKLMPQRSTVWY
112	23.71	8.665E-5	'LLLLLLLLLLL	0.0	N	2.658E-2	7.302E-2	9.999E-1	1.615E-1	1.093E-1	1.961E-1	21.92	24.63	34.83	29.94	12.59	26.63	20.32	15.46	28.01	0.13	10.65	18.30	36.32	15.01	33.02	22.76	26.81	25.80	22.06	24.92	1.368E-4	6.947E-5	9.074E-6	2.212E-5	3.075E-3	4.405E-5	2.116E-4	9.979E-4	3.272E-5	1E0	7.401E-3	3.856E-4	7.084E-6	1.174E-3	1.243E-5	1.1E-4	4.233E-5	5.297E-5	1.317E-4	6.489E-5	L	ACDEFGHIKMNPQRSTVWY
113	6.64	6.815E-2	'IIITITTTTTT	0.0	N	9.999E-1	6.253E-1	9.999E-1	9.999E-1	1E0	8.884E-1	8.98	1.64	31.89	28.88	4.89	5.20	13.25	2.70	28.82	5.89	7.14	11.75	13.22	9.31	32.53	3.48	1.00	2.32	6.10	5.18	1.742E-2	9.53E-1	1.526E-5	2.736E-5	2.083E-1	1.704E-1	2.33E-3	7.178E-1	2.768E-5	1.098E-1	5.015E-2	4.429E-3	2.358E-3	1.462E-2	1.357E-5	4.917E-1	9.959E-1	8.23E-1	9.572E-2	1.727E-1	ACFGILMQSTVWY	DEHKNPR
114	14.50	1.421E-3	'GGGGGSSSSSG	0.0	N	1E0	3.834E-1	9.999E-1	3.048E-1	7.544E-1	8.597E-1	15.14	14.43	37.89	34.67	14.57	1.56	14.63	23.50	28.78	22.11	11.75	11.75	11.61	12.20	36.80	2.47	7.13	22.59	12.04	12.26	1.118E-3	1.46E-3	5.513E-6	9.321E-6	1.384E-3	9.63E-1	1.355E-3	9.139E-5	2.795E-5	1.299E-4	4.447E-3	4.428E-3	4.722E-3	3.626E-3	6.547E-6	7.82E-1	5.045E-2	1.147E-4	3.897E-3	3.54E-3	GST	ACDEFHIKLMNPQRVWY
115	3.88	3.91E-1	'AAAAAPPPPRP	0.0	N	1E0	1E0	1E0	9.92E-1	1E0	9.621E-1	1.85	4.10	4.76	5.23	3.95	3.28	3.81	4.67	3.67	3.41	2.61	2.30	2.01	3.17	4.62	3.32	4.52	5.21	5.24	5.26	9.221E-1	3.434E-1	2.263E-1	1.675E-1	3.756E-1	5.491E-1	4.072E-1	2.404E-1	4.438E-1	5.126E-1	7.426E-1	8.266E-1	8.929E-1	5.805E-1	2.483E-1	5.373E-1	2.651E-1	1.694E-1	1.665E-1	1.649E-1	ACDEFGHIKLMNPQRSTVWY	
116	17.03	5.782E-4	'QQQQQQQQQRQ	0.0	N	1.213E-1	9.819E-1	1E0	9.998E-1	5.083E-1	5.464E-1	19.37	26.24	10.93	11.31	23.21	19.00	10.03	28.48	3.86	23.30	15.15	8.05	35.77	0.76	4.87	14.13	18.73	31.54	14.25	19.75	2.785E-4	4.797E-5	6.472E-3	5.435E-3	9.813E-5	3.108E-4	1.01E-2	2.972E-5	3.958E-1	9.604E-5	1.114E-3	2.928E-2	7.743E-6	9.991E-1	2.117E-1	1.637E-3	3.377E-4	1.629E-5	1.566E-3	2.493E-4	HKNQR	ACDEFGILMPSTVWY
117	18.79	3.309E-4	'IIIIIIIIIII	0.0	N	2.167E-2	6.228E-2	9.999E-1	1.615E-1	2.41E-1	2.631E-2	24.54	16.31	34.64	30.14	10.65	26.22	17.63	0.10	28.51	10.44	15.70	17.95	36.92	15.00	32.56	20.83	19.60	10.65	22.53	15.76	7.091E-5	7.395E-4	9.376E-6	2.129E-5	7.413E-3	4.817E-5	4.758E-4	1E0	2.953E-5	8.214E-3	9.151E-4	4.3E-4	6.429E-6	1.18E-3	1.35E-5	1.834E-4	2.601E-4	7.405E-3	1.166E-4	8.947E-4	I	ACDEFGHKLMNPQRSTVWY
118	23.25	9.72E-5	'SSSSSSSSSSS	0.0	N	9.947E-1	4.151E-1	9.999E-1	3.267E-2	2.803E-1	7.15E-1	28.89	20.41	36.90	34.35	21.57	9.08	16.00	29.33	29.77	28.64	19.50	14.09	39.26	15.16	36.37	0.12	13.44	30.82	23.01	23.48	2.732E-5	2.06E-4	6.443E-6	9.839E-6	1.5E-4	1.648E-2	8.211E-4	2.498E-5	2.287E-5	2.871E-5	2.683E-4	1.664E-3	4.467E-6	1.112E-3	7.023E-6	1E0	2.152E-3	1.866E-5	1.031E-4	9.173E-5	GS	ACDEFHIKLMNPQRTVWY
119	19.60	2.599E-4	'NNNNTNNNNNN	0.0	N	6.322E-1	9.646E-1	9.999E-1	1.435E-1	3.956E-1	9.193E-1	19.96	7.69	24.42	29.85	22.28	15.36	14.13	19.24	27.63	21.73	20.93	0.38	34.21	12.01	28.63	7.32	3.54	12.39	30.06	19.22	2.345E-4	3.6E-2	7.298E-5	2.253E-5	1.243E-4	1.033E-3	1.639E-3	2.89E-4	3.551E-5	1.437E-4	1.786E-4	1E0	1.008E-5	3.949E-3	2.88E-5	4.496E-2	4.765E-1	3.343E-3	2.164E-5	2.911E-4	CNST	ADEFGHIKLMPQRVWY
120	22.47	1.185E-4	'CCCCCCCCCCC	0.0	N	5.103E-2	1.22E-1	9.999E-1	8.697E-2	5.41E-1	8.316E-2	31.68	0.15	33.87	36.35	21.32	15.41	20.77	14.97	32.58	24.77	27.15	20.06	38.89	23.55	34.86	14.04	13.96	8.57	32.95	21.23	1.587E-5	1E0	1.07E-5	7.044E-6	1.602E-4	1.015E-3	1.867E-4	1.19E-3	1.347E-5	6.713E-5	3.935E-5	2.277E-4	4.721E-6	9.012E-5	9.026E-6	1.698E-3	1.754E-3	2.188E-2	1.259E-5	1.643E-4	CV	ADEFGHIKLMNPQRSTWY
121	3.77	4.178E-1	'RGRKRRRRRRV	0.0	N	9.997E-1	9.922E-1	9.484E-1	9.997E-1	9.976E-1	1E0	4.53	4.03	4.53	5.36	3.19	4.62	2.23	3.01	1.49	2.81	3.15	2.76	8.88	2.74	1.25	3.58	4.06	4.05	4.36	3.95	2.629E-1	3.582E-1	2.624E-1	1.537E-1	5.744E-1	2.484E-1	8.433E-1	6.262E-1	9.702E-1	6.841E-1	5.852E-1	6.991E-1	1.845E-2	7.052E-1	9.872E-1	4.665E-1	3.525E-1	3.541E-1	2.927E-1	3.748E-1	ACDEFGHIKLMNPQRSTVWY	
122	25.78	5.317E-5	'YYYYYYYYYYY	0.0	N	7.303E-1	9.792E-1	9.999E-1	3.258E-2	9.994E-1	4.237E-2	39.55	23.02	35.81	33.77	22.82	23.40	16.52	30.18	32.75	34.84	29.30	17.86	39.12	17.70	38.34	18.59	13.53	27.96	18.08	0.16	4.275E-6	1.03E-4	7.704E-6	1.088E-5	1.082E-4	9.349E-5	6.862E-4	2.113E-5	1.306E-5	9.049E-6	2.516E-5	4.42E-4	4.56E-6	4.655E-4	5.141E-6	3.518E-4	2.08E-3	3.307E-5	4.12E-4	1E0	Y	ACDEFGHIKLMNPQRSTVW
123	10.29	8.828E-3	'AAAAAAAAATS	0.0	N	9.884E-1	3.51E-1	9.999E-1	2.928E-1	9.989E-1	9.959E-1	2.26	5.01	40.75	37.58	10.96	4.75	14.21	8.00	32.80	8.39	8.81	15.38	9.58	13.61	41.11	4.22	6.41	6.95	14.57	12.73	8.371E-1	1.93E-1	3.579E-6	5.789E-6	6.386E-3	2.283E-1	1.589E-3	3.016E-2	1.294E-5	2.418E-2	1.912E-2	1.024E-3	1.269E-2	2.011E-3	3.399E-6	3.184E-1	7.867E-2	5.646E-2	1.385E-3	2.899E-3	ACGILMPSTV	DEFHKNQRWY
124	5.02	1.916E-1	'DDDDDQQQQQS	0.0	N	8.301E-1	9.929E-1	9.974E-1	9.956E-1	1E0	9.446E-1	7.69	7.80	2.29	4.74	8.00	4.99	3.37	10.26	3.44	9.64	6.15	1.56	9.73	2.84	4.01	3.33	4.20	10.21	5.75	5.06	3.612E-2	3.383E-2	8.303E-1	2.293E-1	3.019E-2	1.962E-1	5.238E-1	8.978E-3	5.046E-1	1.231E-2	9.313E-2	9.626E-1	1.176E-2	6.756E-1	3.626E-1	5.338E-1	3.225E-1	9.226E-3	1.202E-1	1.871E-1	ACDEFGHKLMNPQRSTWY	IV
125	4.36	2.932E-1	'RRRRRTTTTTT	0.0	N	9.965E-1	9.999E-1	9.986E-1	1E0	1E0	9.999E-1	7.00	4.55	6.13	6.23	4.38	4.33	1.52	5.65	3.94	5.38	3.68	4.96	10.35	4.00	3.23	2.50	2.52	6.42	3.88	3.71	5.472E-2	2.596E-1	9.393E-2	8.846E-2	2.881E-1	2.984E-1	9.672E-1	1.279E-1	3.79E-1	1.526E-1	4.396E-1	1.994E-1	8.582E-3	3.639E-1	5.629E-1	7.739E-1	7.684E-1	7.831E-2	3.908E-1	4.333E-1	ACDEFGHIKLMNQRSTVWY	P
126	8.76	1.968E-2	'PPPTPPPPPTQ	0.0	N	9.899E-1	9.999E-1	9.999E-1	9.357E-1	9.943E-1	9.983E-1	6.32	6.41	26.09	25.81	10.46	6.24	11.21	11.77	22.80	11.23	7.31	3.38	1.42	3.20	23.13	3.74	1.95	10.00	10.98	6.78	8.34E-2	7.877E-2	4.959E-5	5.284E-5	8.134E-3	8.786E-2	5.696E-3	4.403E-3	1.088E-4	5.636E-3	4.517E-2	5.19E-1	9.756E-1	5.706E-1	1.002E-4	4.254E-1	9.056E-1	1.025E-2	6.345E-3	6.251E-2	ACGMNPQSTVY	DEFHIKLRW
127	13.77	1.889E-3	'GGGEGAAAAAA	0.0	N	1E0	1E0	9.999E-1	8.973E-1	9.999E-1	1.444E-1	1.37	22.17	9.77	4.50	22.84	1.99	12.43	29.30	6.04	15.97	14.99	6.03	20.11	4.32	9.33	7.52	20.03	32.80	19.47	26.48	9.797E-1	1.279E-4	1.152E-2	2.685E-1	1.078E-4	8.976E-1	3.286E-3	2.516E-5	9.964E-2	8.324E-4	1.184E-3	1.005E-1	2.245E-4	2.993E-1	1.445E-2	4.003E-2	2.295E-4	1.294E-5	2.702E-4	4.554E-5	ADEGKNQRS	CFHILMPTVWY
128	6.70	6.553E-2	'RRRRRNNNNNN	0.0	N	1.812E-1	9.383E-1	9.986E-1	1E0	1E0	9.623E-1	15.01	16.08	4.04	4.07	16.54	8.72	2.24	21.54	1.39	20.09	13.53	1.93	10.63	1.86	2.55	6.69	6.72	20.81	6.58	6.41	1.174E-3	8.003E-4	3.57E-1	3.494E-1	6.833E-4	2.008E-2	8.417E-1	1.511E-4	9.782E-1	2.256E-4	2.075E-3	9.077E-1	7.483E-3	9.204E-1	7.598E-1	6.619E-2	6.489E-2	1.846E-4	7.067E-2	7.89E-2	DEGHKNQRSTWY	ACFILMPV
129	9.31	1.457E-2	'RRRRRMMMMKM	0.0	N	1E0	9.999E-1	9.939E-1	3.909E-1	4.358E-1	1E0	13.88	15.37	9.48	9.07	7.51	20.58	6.35	6.92	2.40	2.57	2.29	9.24	24.03	3.85	1.76	15.46	13.80	12.28	12.09	9.38	1.81E-3	1.028E-3	1.338E-2	1.658E-2	4.016E-2	1.968E-4	8.159E-2	5.753E-2	8.02E-1	7.542E-1	8.303E-1	1.513E-2	8.013E-5	4E-1	9.374E-1	9.978E-4	1.865E-3	3.516E-3	3.814E-3	1.404E-2	DEFHIKLMNQRY	ACGPSTVW
130	16.14	7.833E-4	'FFFFFFFFFYF	0.0	N	9.117E-1	6.974E-1	9.999E-1	3.966E-2	9.98E-1	5.327E-2	27.23	15.89	27.77	29.58	0.83	21.20	15.58	8.63	31.25	11.13	13.82	18.88	35.53	16.41	30.89	16.38	13.83	15.68	9.72	5.90	3.866E-5	8.533E-4	3.443E-5	2.377E-5	9.985E-1	1.656E-4	9.554E-4	2.109E-2	1.722E-5	5.888E-3	1.851E-3	3.227E-4	8.059E-6	7.135E-4	1.842E-5	7.208E-4	1.842E-3	9.203E-4	1.181E-2	1.091E-1	FIWY	ACDEGHKLMNPQRSTV
131	25.78	5.317E-5	'YYYYYYYYYYY	0.0	N	7.303E-1	9.792E-1	9.999E-1	3.258E-2	9.994E-1	4.237E-2	39.55	23.02	35.81	33.77	22.82	23.40	16.52	30.18	32.75	34.84	29.30	17.86	39.12	17.70	38.34	18.59	13.53	27.96	18.08	0.16	4.275E-6	1.03E-4	7.704E-6	1.088E-5	1.082E-4	9.349E-5	6.862E-4	2.113E-5	1.306E-5	9.049E-6	2.516E-5	4.42E-4	4.56E-6	4.655E-4	5.141E-6	3.518E-4	2.08E-3	3.307E-5	4.12E-4	1E0	Y	ACDEFGHIKLMNPQRSTVW
132	15.16	1.113E-3	'VVVVVIIIIIV	0.0	N	2.648E-2	9.632E-2	9.999E-1	9.996E-1	9.843E-1	3.497E-2	19.54	5.01	31.80	29.08	9.96	14.45	17.29	3.38	27.75	11.69	15.90	15.28	24.19	15.03	31.17	13.38	13.50	2.18	17.71	13.08	2.645E-4	1.927E-1	1.554E-5	2.627E-5	1.042E-2	1.451E-3	5.317E-4	5.2E-1	3.457E-5	4.561E-3	8.507E-4	1.064E-3	7.706E-5	1.165E-3	1.746E-5	2.207E-3	2.102E-3	8.566E-1	4.638E-4	2.495E-3	CFIV	ADEGHKLMNPQRSTWY
133	20.95	1.772E-4	'VVVVVVVVVVV	0.0	N	2.345E-2	8.195E-2	9.999E-1	1E0	9.833E-1	2.28E-2	27.75	9.32	33.13	32.45	21.09	23.22	17.83	11.96	30.41	20.81	24.43	15.88	38.09	17.56	33.95	17.62	15.28	0.11	33.75	19.81	3.459E-5	1.457E-2	1.219E-5	1.377E-5	1.706E-4	9.795E-5	4.464E-4	4.044E-3	2.019E-5	1.843E-4	7.284E-5	8.582E-4	5.344E-6	4.871E-4	1.056E-5	4.771E-4	1.064E-3	1E0	1.093E-5	2.451E-4	CV	ADEFGHIKLMNPQRSTWY
134	30.18	2.111E-5	'AAAAAAAAAAA	0.0	N	9.387E-2	1.665E-1	9.999E-1	3.225E-2	6.165E-2	1.288E-1	0.23	29.92	43.15	37.64	26.73	22.29	30.44	29.36	32.71	18.63	16.54	22.93	38.15	23.86	40.43	23.39	33.24	35.49	33.74	39.54	1E0	2.221E-5	2.547E-6	5.731E-6	4.307E-5	1.24E-4	2.008E-5	2.485E-5	1.314E-5	3.476E-4	6.831E-4	1.053E-4	5.288E-6	8.362E-5	3.753E-6	9.378E-5	1.194E-5	8.12E-6	1.094E-5	4.277E-6	A	CDEFGHIKLMNPQRSTVWY
135	22.47	1.185E-4	'CCCCCCCCCCC	0.0	N	5.103E-2	1.22E-1	9.999E-1	8.697E-2	5.41E-1	8.316E-2	31.68	0.15	33.87	36.35	21.32	15.41	20.77	14.97	32.58	24.77	27.15	20.06	38.89	23.55	34.86	14.04	13.96	8.57	32.95	21.23	1.587E-5	1E0	1.07E-5	7.044E-6	1.602E-4	1.015E-3	1.867E-4	1.19E-3	1.347E-5	6.713E-5	3.935E-5	2.277E-4	4.721E-6	9.012E-5	9.026E-6	1.698E-3	1.754E-3	2.188E-2	1.259E-5	1.643E-4	CV	ADEFGHIKLMNPQRSTWY
136	11.07	6.07E-3	'DDDDEDDDDND	0.0	N	5.032E-2	3.264E-1	7.627E-1	6.58E-1	1E0	2.4E-1	18.96	20.18	1.10	4.11	22.97	11.04	8.37	29.66	7.37	27.82	17.90	5.42	12.00	7.05	8.68	8.26	8.64	27.87	14.87	11.09	3.147E-4	2.201E-4	9.933E-1	3.404E-1	1.041E-4	6.14E-3	2.445E-2	2.338E-5	4.374E-2	3.407E-5	4.369E-4	1.486E-1	3.962E-3	5.299E-2	2.053E-2	2.591E-2	2.094E-2	3.372E-5	1.236E-3	6.001E-3	DEHKNQRST	ACFGILMPVWY
137	12.24	3.567E-3	'NNNNSNNNNNN	0.0	N	6.034E-1	9.417E-1	9.999E-1	5.418E-1	3.749E-1	4.605E-1	18.80	9.11	24.45	29.26	11.60	10.56	11.85	12.62	25.16	15.27	15.83	0.59	33.28	10.16	25.98	5.67	7.34	11.10	15.05	10.23	3.301E-4	1.629E-2	7.255E-5	2.534E-5	4.747E-3	7.757E-3	4.234E-3	3.033E-3	6.134E-5	1.067E-3	8.733E-4	9.998E-1	1.188E-5	9.438E-3	5.092E-5	1.262E-1	4.442E-2	5.976E-3	1.157E-3	9.124E-3	CNST	ADEFGHIKLMPQRVWY
138	14.39	1.481E-3	'RRRRRRRRRSR	0.0	N	7.311E-1	8.812E-1	7.991E-1	9.992E-1	9.838E-1	8.259E-1	12.95	19.72	21.46	10.85	20.50	10.51	6.64	28.23	4.51	12.43	10.21	16.50	33.74	6.70	0.71	4.50	16.49	32.62	15.71	24.55	2.638E-3	2.512E-4	1.543E-4	6.733E-3	2.014E-4	7.95E-3	6.817E-2	3.125E-5	2.663E-1	3.29E-3	9.226E-3	6.916E-4	1.094E-5	6.582E-2	9.994E-1	2.686E-1	6.938E-4	1.336E-5	9.122E-4	7.08E-5	HKQRS	ACDEFGILMNPTVWY
139	21.44	1.552E-4	'DDDDDDDDDDD	0.0	N	5.032E-2	2.287E-2	1.662E-2	1.063E-1	5.89E-1	2.576E-2	29.51	19.00	0.15	23.98	23.85	20.85	20.32	24.19	21.49	26.81	25.90	13.97	33.24	20.44	21.39	18.50	19.31	22.25	29.64	21.06	2.41E-5	3.106E-4	1E0	8.121E-5	8.385E-5	1.825E-4	2.117E-4	7.723E-5	1.533E-4	4.229E-5	5.183E-5	1.747E-3	1.196E-5	2.044E-4	1.572E-4	3.619E-4	2.837E-4	1.254E-4	2.349E-5	1.721E-4	D	ACEFGHIKLMNPQRSTVWY
140	9.69	1.199E-2	'PPPPPQQQPPP	0.0	N	9.198E-1	1E0	9.999E-1	8.837E-1	8.768E-1	5.558E-1	7.97	9.16	27.55	27.46	10.44	7.89	11.55	13.73	22.54	12.61	7.11	5.89	1.00	6.03	23.56	6.26	6.22	12.87	10.19	7.91	3.069E-2	1.583E-2	3.611E-5	3.675E-5	8.224E-3	3.205E-2	4.849E-3	1.92E-3	1.163E-4	3.046E-3	5.112E-2	1.095E-1	9.96E-1	1.004E-1	8.988E-5	8.653E-2	8.883E-2	2.722E-3	9.297E-3	3.184E-2	ACGMNPQSTY	DEFHIKLRVW
141	18.93	3.172E-4	'RRQRRRRRRRR	0.0	N	3.849E-2	1.128E-1	2.345E-1	2.969E-1	1.521E-1	8.77E-1	22.34	26.78	17.33	16.75	21.42	21.25	10.74	27.30	4.61	20.41	13.36	13.45	39.41	8.60	0.31	16.19	21.28	32.59	16.02	21.94	1.223E-4	4.262E-5	5.238E-4	6.358E-4	1.563E-4	1.635E-4	7.086E-3	3.808E-5	2.491E-1	2.065E-4	2.231E-3	2.144E-3	4.365E-6	2.151E-2	1E0	7.694E-4	1.623E-4	1.344E-5	8.173E-4	1.358E-4	KQR	ACDEFGHILMNPSTVWY
142	21.44	1.552E-4	'DDDDDDDDDDD	0.0	N	5.032E-2	2.287E-2	1.662E-2	1.063E-1	5.89E-1	2.576E-2	29.51	19.00	0.15	23.98	23.85	20.85	20.32	24.19	21.49	26.81	25.90	13.97	33.24	20.44	21.39	18.50	19.31	22.25	29.64	21.06	2.41E-5	3.106E-4	1E0	8.121E-5	8.385E-5	1.825E-4	2.117E-4	7.723E-5	1.533E-4	4.229E-5	5.183E-5	1.747E-3	1.196E-5	2.044E-4	1.572E-4	3.619E-4	2.837E-4	1.254E-4	2.349E-5	1.721E-4	D	ACEFGHIKLMNPQRSTVWY
143	11.60	4.753E-3	'SSSSSPPPPPP	0.0	N	9.673E-1	8.114E-1	9.999E-1	6.373E-1	9.73E-1	9.765E-1	10.04	11.27	37.77	35.27	15.10	4.62	11.72	19.90	28.65	18.50	11.47	11.21	2.00	9.59	35.99	2.63	2.84	18.01	12.40	8.02	1.005E-2	5.521E-3	5.614E-6	8.422E-6	1.135E-3	2.483E-1	4.489E-3	2.385E-4	2.868E-5	3.622E-4	5.037E-3	5.689E-3	8.961E-1	1.265E-2	7.471E-6	7.383E-1	6.756E-1	4.21E-4	3.325E-3	2.974E-2	AGPQSTY	CDEFHIKLMNRVW
144	20.24	2.166E-4	'PPPPPPPPPPP	0.0	N	4.793E-1	8.118E-1	9.999E-1	1.215E-1	1.294E-2	1.716E-2	20.00	20.21	41.24	38.89	22.47	20.27	19.31	28.75	31.81	26.92	17.48	17.41	0.14	17.67	41.48	17.50	17.77	27.21	25.36	19.95	2.32E-4	2.185E-4	3.334E-6	4.722E-6	1.185E-4	2.147E-4	2.837E-4	2.812E-5	1.55E-5	4.136E-5	4.997E-4	5.11E-4	1E0	4.693E-4	3.222E-6	4.962E-4	4.552E-4	3.879E-5	5.858E-5	2.351E-4	P	ACDEFGHIKLMNQRSTVWY
145	14.08	1.67E-3	'RRRRRQQQQQQ	0.0	N	1.812E-1	9.673E-1	9.986E-1	9.957E-1	5.525E-1	8.641E-1	16.64	21.61	9.59	9.75	19.36	16.06	7.80	23.59	2.25	19.62	13.00	7.44	30.11	1.82	2.36	11.80	15.08	25.90	11.22	15.73	6.6E-4	1.482E-4	1.261E-2	1.164E-2	2.796E-4	8.052E-4	3.391E-2	8.918E-5	8.39E-1	2.586E-4	2.578E-3	4.186E-2	2.14E-5	9.273E-1	8.116E-1	4.336E-3	1.143E-3	5.175E-5	5.66E-3	9.058E-4	DEHKNQR	ACFGILMPSTVWY
146	25.78	5.317E-5	'YYYYYYYYYYY	0.0	N	7.303E-1	9.792E-1	9.999E-1	3.258E-2	9.994E-1	4.237E-2	39.55	23.02	35.81	33.77	22.82	23.40	16.52	30.18	32.75	34.84	29.30	17.86	39.12	17.70	38.34	18.59	13.53	27.96	18.08	0.16	4.275E-6	1.03E-4	7.704E-6	1.088E-5	1.082E-4	9.349E-5	6.862E-4	2.113E-5	1.306E-5	9.049E-6	2.516E-5	4.42E-4	4.56E-6	4.655E-4	5.141E-6	3.518E-4	2.08E-3	3.307E-5	4.12E-4	1E0	Y	ACDEFGHIKLMNPQRSTVW
147	20.24	2.166E-4	'PPPPPPPPPPP	0.0	N	4.793E-1	8.118E-1	9.999E-1	1.215E-1	1.294E-2	1.716E-2	20.00	20.21	41.24	38.89	22.47	20.27	19.31	28.75	31.81	26.92	17.48	17.41	0.14	17.67	41.48	17.50	17.77	27.21	25.36	19.95	2.32E-4	2.185E-4	3.334E-6	4.722E-6	1.185E-4	2.147E-4	2.837E-4	2.812E-5	1.55E-5	4.136E-5	4.997E-4	5.11E-4	1E0	4.693E-4	3.222E-6	4.962E-4	4.552E-4	3.879E-5	5.858E-5	2.351E-4	P	ACDEFGHIKLMNQRSTVWY
148	20.95	1.772E-4	'VVVVVVVVVVV	0.0	N	2.345E-2	8.195E-2	9.999E-1	1E0	9.833E-1	2.28E-2	27.75	9.32	33.13	32.45	21.09	23.22	17.83	11.96	30.41	20.81	24.43	15.88	38.09	17.56	33.95	17.62	15.28	0.11	33.75	19.81	3.459E-5	1.457E-2	1.219E-5	1.377E-5	1.706E-4	9.795E-5	4.464E-4	4.044E-3	2.019E-5	1.843E-4	7.284E-5	8.582E-4	5.344E-6	4.871E-4	1.056E-5	4.771E-4	1.064E-3	1E0	1.093E-5	2.451E-4	CV	ADEFGHIKLMNPQRSTWY
149	20.95	1.772E-4	'VVVVVVVVVVV	0.0	N	2.345E-2	8.195E-2	9.999E-1	1E0	9.833E-1	2.28E-2	27.75	9.32	33.13	32.45	21.09	23.22	17.83	11.96	30.41	20.81	24.43	15.88	38.09	17.56	33.95	17.62	15.28	0.11	33.75	19.81	3.459E-5	1.457E-2	1.219E-5	1.377E-5	1.706E-4	9.795E-5	4.464E-4	4.044E-3	2.019E-5	1.843E-4	7.284E-5	8.582E-4	5.344E-6	4.871E-4	1.056E-5	4.771E-4	1.064E-3	1E0	1.093E-5	2.451E-4	CV	ADEFGHIKLMNPQRSTWY
150	20.24	2.166E-4	'PPPPPPPPPPP	0.0	N	4.793E-1	8.118E-1	9.999E-1	1.215E-1	1.294E-2	1.716E-2	20.00	20.21	41.24	38.89	22.47	20.27	19.31	28.75	31.81	26.92	17.48	17.41	0.14	17.67	41.48	17.50	17.77	27.21	25.36	19.95	2.32E-4	2.185E-4	3.334E-6	4.722E-6	1.185E-4	2.147E-4	2.837E-4	2.812E-5	1.55E-5	4.136E-5	4.997E-4	5.11E-4	1E0	4.693E-4	3.222E-6	4.962E-4	4.552E-4	3.879E-5	5.858E-5	2.351E-4	P	ACDEFGHIKLMNQRSTVWY
151	20.95	1.772E-4	'VVVVVVVVVVV	0.0	N	2.345E-2	8.195E-2	9.999E-1	1E0	9.833E-1	2.28E-2	27.75	9.32	33.13	32.45	21.09	23.22	17.83	11.96	30.41	20.81	24.43	15.88	38.09	17.56	33.95	17.62	15.28	0.11	33.75	19.81	3.459E-5	1.457E-2	1.219E-5	1.377E-5	1.706E-4	9.795E-5	4.464E-4	4.044E-3	2.019E-5	1.843E-4	7.284E-5	8.582E-4	5.344E-6	4.871E-4	1.056E-5	4.771E-4	1.064E-3	1E0	1.093E-5	2.451E-4	CV	ADEFGHIKLMNPQRSTWY
152	23.34	9.497E-5	'HHHHHHHHHHH	0.0	N	6.326E-2	5.697E-1	5.051E-2	6.85E-1	9.796E-1	9.994E-1	35.09	21.53	36.64	33.22	20.11	23.89	0.12	22.18	23.46	25.24	23.22	17.77	43.50	14.29	31.55	17.35	17.34	25.64	26.01	18.27	8.682E-6	1.517E-4	6.719E-6	1.2E-5	2.246E-4	8.297E-5	1E0	1.275E-4	9.214E-5	6.025E-5	9.791E-5	4.555E-4	2.427E-6	1.543E-3	1.627E-5	5.209E-4	5.229E-4	5.491E-5	5.049E-5	3.892E-4	H	ACDEFGIKLMNPQRSTVWY
153	23.71	8.665E-5	'LLLLLLLLLLL	0.0	N	2.658E-2	7.302E-2	9.999E-1	1.615E-1	1.093E-1	1.961E-1	21.92	24.63	34.83	29.94	12.59	26.63	20.32	15.46	28.01	0.13	10.65	18.30	36.32	15.01	33.02	22.76	26.81	25.80	22.06	24.92	1.368E-4	6.947E-5	9.074E-6	2.212E-5	3.075E-3	4.405E-5	2.116E-4	9.979E-4	3.272E-5	1E0	7.401E-3	3.856E-4	7.084E-6	1.174E-3	1.243E-5	1.1E-4	4.233E-5	5.297E-5	1.317E-4	6.489E-5	L	ACDEFGHIKMNPQRSTVWY
154	21.44	1.552E-4	'DDDDDDDDDDD	0.0	N	5.032E-2	2.287E-2	1.662E-2	1.063E-1	5.89E-1	2.576E-2	29.51	19.00	0.15	23.98	23.85	20.85	20.32	24.19	21.49	26.81	25.90	13.97	33.24	20.44	21.39	18.50	19.31	22.25	29.64	21.06	2.41E-5	3.106E-4	1E0	8.121E-5	8.385E-5	1.825E-4	2.117E-4	7.723E-5	1.533E-4	4.229E-5	5.183E-5	1.747E-3	1.196E-5	2.044E-4	1.572E-4	3.619E-4	2.837E-4	1.254E-4	2.349E-5	1.721E-4	D	ACEFGHIKLMNPQRSTVWY
155	4.41	2.832E-1	'TTTTTRRRRRT	0.0	N	9.978E-1	1E0	9.993E-1	1E0	1E0	9.996E-1	7.29	4.43	6.39	6.53	4.41	4.41	1.70	5.63	4.29	5.54	3.87	5.24	10.61	4.30	3.59	2.54	2.27	6.33	4.02	3.60	4.591E-2	2.798E-1	7.995E-2	7.318E-2	2.836E-1	2.828E-1	9.455E-1	1.296E-1	3.049E-1	1.37E-1	3.933E-1	1.663E-1	7.544E-3	3.032E-1	4.646E-1	7.64E-1	8.355E-1	8.267E-2	3.601E-1	4.601E-1	ACDEFGHIKLMNQRSTVWY	P
156	5.87	1.108E-1	'TTTTTIIIIIT	0.0	N	9.994E-1	6.271E-1	9.999E-1	1E0	1E0	8.77E-1	8.08	1.65	31.12	28.37	4.25	4.91	13.08	2.10	28.17	5.12	6.33	11.05	12.22	8.73	31.49	3.32	1.31	2.05	5.37	4.87	2.874E-2	9.519E-1	1.763E-5	3.037E-5	3.133E-1	2.067E-1	2.502E-3	8.749E-1	3.164E-5	1.797E-1	8.267E-2	6.126E-3	3.598E-3	1.995E-2	1.646E-5	5.374E-1	9.838E-1	8.847E-1	1.527E-1	2.116E-1	ACFGILMQSTVWY	DEHKNPR
157	18.79	3.309E-4	'IIIIIIIIIII	0.0	N	2.167E-2	6.228E-2	9.999E-1	1.615E-1	2.41E-1	2.631E-2	24.54	16.31	34.64	30.14	10.65	26.22	17.63	0.10	28.51	10.44	15.70	17.95	36.92	15.00	32.56	20.83	19.60	10.65	22.53	15.76	7.091E-5	7.395E-4	9.376E-6	2.129E-5	7.413E-3	4.817E-5	4.758E-4	1E0	2.953E-5	8.214E-3	9.151E-4	4.3E-4	6.429E-6	1.18E-3	1.35E-5	1.834E-4	2.601E-4	7.405E-3	1.166E-4	8.947E-4	I	ACDEFGHKLMNPQRSTVWY


